        0.0000000000      -17.4367905442
        0.0020040080      -17.5126080345
        0.0040080160      -17.5837327675
        0.0060120240      -17.6500890680
        0.0080160321      -17.7116035112
        0.0100200401      -17.7682054338
        0.0120240481      -17.8198274673
        0.0140280561      -17.8664060849
        0.0160320641      -17.9078821488
        0.0180360721      -17.9442014508
        0.0200400802      -17.9753152313
        0.0220440882      -18.0011806691
        0.0240480962      -18.0217613276
        0.0260521042      -18.0370275505
        0.0280561122      -18.0469567957
        0.0300601202      -18.0515339002
        0.0320641283      -18.0507512697
        0.0340681363      -18.0446089881
        0.0360721443      -18.0331148428
        0.0380761523      -18.0162842668
        0.0400801603      -17.9941401969
        0.0420841683      -17.9667128510
        0.0440881764      -17.9340394300
        0.0460921844      -17.8961637497
        0.0480961924      -17.8531358119
        0.0501002004      -17.8050113226
        0.0521042084      -17.7518511681
        0.0541082164      -17.6937208611
        0.0561122244      -17.6306899665
        0.0581162325      -17.5628315203
        0.0601202405      -17.4902214511
        0.0621242485      -17.4129380176
        0.0641282565      -17.3310612702
        0.0661322645      -17.2446725466
        0.0681362725      -17.1538540100
        0.0701402806      -17.0586882354
        0.0721442886      -16.9592578500
        0.0741482966      -16.8556452306
        0.0761523046      -16.7479322606
        0.0781563126      -16.6362001463
        0.0801603206      -16.5205292926
        0.0821643287      -16.4009992345
        0.0841683367      -16.2776886224
        0.0861723447      -16.1506752563
        0.0881763527      -16.0200361632
        0.0901803607      -15.8858477134
        0.0921843687      -15.7481857698
        0.0941883768      -15.6071258629
        0.0961923848      -15.4627433884
        0.0981963928      -15.3151138197
        0.1002004008      -15.1643129321
        0.1022044088      -15.0104170338
        0.1042084168      -14.8535032012
        0.1062124248      -14.6936495135
        0.1082164329      -14.5309352881
        0.1102204409      -14.3654413117
        0.1122244489      -14.1972500689
        0.1142284569      -14.0264459671
        0.1162324649      -13.8531155572
        0.1182364729      -13.6773477517
        0.1202404810      -13.4992340382
        0.1222444890      -13.3188686906
        0.1242484970      -13.1363489759
        0.1262525050      -12.9517753567
        0.1282565130      -12.7652516880
        0.1302605210      -12.5768854055
        0.1322645291      -12.3867877031
        0.1342685371      -12.1950736961
        0.1362725451      -12.0018625655
        0.1382765531      -11.8072776781
        0.1402805611      -11.6114466782
        0.1422845691      -11.4145015428
        0.1442885772      -11.2165785963
        0.1462925852      -11.0178184774
        0.1482965932      -10.8183660525
        0.1503006012      -10.6183702706
        0.1523046092      -10.4179839545
        0.1543086172      -10.2173635250
        0.1563126253      -10.0166686557
        0.1583166333       -9.8160618567
        0.1603206413       -9.6157079888
        0.1623246493       -9.4157737090
        0.1643286573       -9.2164268521
        0.1663326653       -9.0178357540
        0.1683366733       -8.8201685238
        0.1703406814       -8.6235922729
        0.1723446894       -8.4282723134
        0.1743486974       -8.2343713355
        0.1763527054       -8.0420485777
        0.1783567134       -7.8514590025
        0.1803607214       -7.6627524912
        0.1823647295       -7.4760730724
        0.1843687375       -7.2915581964
        0.1863727455       -7.1093380682
        0.1883767535       -6.9295350512
        0.1903807615       -6.7522631521
        0.1923847695       -6.5776275936
        0.1943887776       -6.4057244835
        0.1963927856       -6.2366405842
        0.1983967936       -6.0704531835
        0.2004008016       -5.9072300686
        0.2024048096       -5.7470295995
        0.2044088176       -5.5899008776
        0.2064128257       -5.4358840038
        0.2084168337       -5.2850104157
        0.2104208417       -5.1373032952
        0.2124248497       -4.9927780346
        0.2144288577       -4.8514427484
        0.2164328657       -4.7132988182
        0.2184368737       -4.5783414563
        0.2204408818       -4.4465602760
        0.2224448898       -4.3179398556
        0.2244488978       -4.1924602829
        0.2264529058       -4.0700976717
        0.2284569138       -3.9508246399
        0.2304609218       -3.8346107409
        0.2324649299       -3.7214228451
        0.2344689379       -3.6112254656
        0.2364729459       -3.5039810281
        0.2384769539       -3.3996500841
        0.2404809619       -3.2981914711
        0.2424849699       -3.1995624229
        0.2444889780       -3.1037186366
        0.2464929860       -3.0106143024
        0.2484969940       -2.9202021042
        0.2505010020       -2.8324332014
        0.2525050100       -2.7472571983
        0.2545090180       -2.6646221122
        0.2565130261       -2.5844743484
        0.2585170341       -2.5067586898
        0.2605210421       -2.4314183089
        0.2625250501       -2.3583948080
        0.2645290581       -2.2876282917
        0.2665330661       -2.2190574766
        0.2685370741       -2.1526198368
        0.2705410822       -2.0882517888
        0.2725450902       -2.0258889100
        0.2745490982       -1.9654661912
        0.2765531062       -1.9069183159
        0.2785571142       -1.8501799616
        0.2805611222       -1.7951861162
        0.2825651303       -1.7418724016
        0.2845691383       -1.6901753961
        0.2865731463       -1.6400329490
        0.2885771543       -1.5913844772
        0.2905811623       -1.5441712374
        0.2925851703       -1.4983365680
        0.2945891784       -1.4538260917
        0.2965931864       -1.4105878781
        0.2985971944       -1.3685725588
        0.3006012024       -1.3277333964
        0.3026052104       -1.2880263042
        0.3046092184       -1.2494098192
        0.3066132265       -1.2118450302
        0.3086172345       -1.1752954646
        0.3106212425       -1.1397269390
        0.3126252505       -1.1051073796
        0.3146292585       -1.0714066192
        0.3166332665       -1.0385961777
        0.3186372745       -1.0066490341
        0.3206412826       -0.9755393980
        0.3226452906       -0.9452424871
        0.3246492986       -0.9157343179
        0.3266533066       -0.8869915170
        0.3286573146       -0.8589911561
        0.3306613226       -0.8317106169
        0.3326653307       -0.8051274886
        0.3346693387       -0.7792194978
        0.3366733467       -0.7539644747
        0.3386773547       -0.7293403513
        0.3406813627       -0.7053251917
        0.3426853707       -0.6818972506
        0.3446893788       -0.6590350554
        0.3466933868       -0.6367175076
        0.3486973948       -0.6149239976
        0.3507014028       -0.5936345265
        0.3527054108       -0.5728298292
        0.3547094188       -0.5524914933
        0.3567134269       -0.5326020668
        0.3587174349       -0.5131451500
        0.3607214429       -0.4941054679
        0.3627254509       -0.4754689182
        0.3647294589       -0.4572225933
        0.3667334669       -0.4393547738
        0.3687374749       -0.4218548945
        0.3707414830       -0.4047134826
        0.3727454910       -0.3879220697
        0.3747494990       -0.3714730815
        0.3767535070       -0.3553597085
        0.3787575150       -0.3395757617
        0.3807615230       -0.3241155184
        0.3827655311       -0.3089735647
        0.3847695391       -0.2941446386
        0.3867735471       -0.2796234797
        0.3887775551       -0.2654046921
        0.3907815631       -0.2514826227
        0.3927855711       -0.2378512617
        0.3947895792       -0.2245041663
        0.3967935872       -0.2114344124
        0.3987975952       -0.1986345736
        0.4008016032       -0.1860967290
        0.4028056112       -0.1738124994
        0.4048096192       -0.1617731094
        0.4068136273       -0.1499694733
        0.4088176353       -0.1383923011
        0.4108216433       -0.1270322208
        0.4128256513       -0.1158799113
        0.4148296593       -0.1049262416
        0.4168336673       -0.0941624106
        0.4188376754       -0.0835800821
        0.4208416834       -0.0731715094
        0.4228456914       -0.0629296455
        0.4248496994       -0.0528482345
        0.4268537074       -0.0429218792
        0.4288577154       -0.0331460850
        0.4308617234       -0.0235172751
        0.4328657315       -0.0140327789
        0.4348697395       -0.0046907924
        0.4368737475        0.0045096885
        0.4388777555        0.0135689577
        0.4408817635        0.0224867113
        0.4428857715        0.0312621765
        0.4448897796        0.0398942535
        0.4468937876        0.0483816663
        0.4488977956        0.0567231154
        0.4509018036        0.0649174291
        0.4529058116        0.0729637069
        0.4549098196        0.0808614504
        0.4569138277        0.0886106778
        0.4589178357        0.0962120171
        0.4609218437        0.1036667762
        0.4629258517        0.1109769866
        0.4649298597        0.1181454198
        0.4669338677        0.1251755754
        0.4689378758        0.1320716433
        0.4709418838        0.1388384388
        0.4729458918        0.1454813155
        0.4749498998        0.1520060574
        0.4769539078        0.1584187556
        0.4789579158        0.1647256729
        0.4809619238        0.1709331016
        0.4829659319        0.1770472188
        0.4849699399        0.1830739464
        0.4869739479        0.1890188173
        0.4889779559        0.1948868556
        0.4909819639        0.2006824726
        0.4929859719        0.2064093840
        0.4949899800        0.2120705492
        0.4969939880        0.2176681357
        0.4989979960        0.2232035103
        0.5010020040        0.2286772553
        0.5030060120        0.2340892104
        0.5050100200        0.2394385393
        0.5070140281        0.2447238157
        0.5090180361        0.2499431293
        0.5110220441        0.2550942046
        0.5130260521        0.2601745311
        0.5150300601        0.2651814974
        0.5170340681        0.2701125278
        0.5190380762        0.2749652139
        0.5210420842        0.2797374379
        0.5230460922        0.2844274840
        0.5250501002        0.2890341324
        0.5270541082        0.2935567352
        0.5290581162        0.2979952690
        0.5310621242        0.3023503658
        0.5330661323        0.3066233181
        0.5350701403        0.3108160610
        0.5370741483        0.3149311305
        0.5390781563        0.3189716009
        0.5410821643        0.3229410023
        0.5430861723        0.3268432233
        0.5450901804        0.3306824004
        0.5470941884        0.3344628000
        0.5490981964        0.3381886957
        0.5511022044        0.3418642467
        0.5531062124        0.3454933801
        0.5551102204        0.3490796832
        0.5571142285        0.3526263078
        0.5591182365        0.3561358900
        0.5611222445        0.3596104898
        0.5631262525        0.3630515508
        0.5651302605        0.3664598814
        0.5671342685        0.3698356598
        0.5691382766        0.3731784599
        0.5711422846        0.3764872987
        0.5731462926        0.3797607036
        0.5751503006        0.3829967956
        0.5771543086        0.3861933866
        0.5791583166        0.3893480872
        0.5811623246        0.3924584197
        0.5831663327        0.3955219347
        0.5851703407        0.3985363247
        0.5871743487        0.4014995321
        0.5891783567        0.4044098476
        0.5911823647        0.4072659944
        0.5931863727        0.4100671975
        0.5951903808        0.4128132332
        0.5971943888        0.4155044585
        0.5991983968        0.4181418198
        0.6012024048        0.4207268389
        0.6032064128        0.4232615787
        0.6052104208        0.4257485886
        0.6072144289        0.4281908326
        0.6092184369        0.4305916010
        0.6112224449        0.4329544116
        0.6132264529        0.4352829004
        0.6152304609        0.4375807091
        0.6172344689        0.4398513707
        0.6192384770        0.4420981990
        0.6212424850        0.4443241850
        0.6232464930        0.4465319041
        0.6252505010        0.4487234375
        0.6272545090        0.4509003105
        0.6292585170        0.4530634500
        0.6312625251        0.4552131620
        0.6332665331        0.4573491318
        0.6352705411        0.4594704444
        0.6372745491        0.4615756267
        0.6392785571        0.4636627089
        0.6412825651        0.4657293030
        0.6432865731        0.4677726964
        0.6452905812        0.4697899572
        0.6472945892        0.4717780467
        0.6492985972        0.4737339370
        0.6513026052        0.4756547279
        0.6533066132        0.4775377601
        0.6553106212        0.4793807209
        0.6573146293        0.4811817376
        0.6593186373        0.4829394573
        0.6613226453        0.4846531085
        0.6633266533        0.4863225433
        0.6653306613        0.4879482583
        0.6673346693        0.4895313944
        0.6693386774        0.4910737138
        0.6713426854        0.4925775567
        0.6733466934        0.4940457774
        0.6753507014        0.4954816636
        0.6773547094        0.4968888404
        0.6793587174        0.4982711629
        0.6813627255        0.4996326003
        0.6833667335        0.5009771163
        0.6853707415        0.5023085492
        0.6873747495        0.5036304957
        0.6893787575        0.5049462028
        0.6913827655        0.5062584710
        0.6933867735        0.5075695723
        0.6953907816        0.5088811854
        0.6973947896        0.5101943508
        0.6993987976        0.5115094469
        0.7014028056        0.5128261881
        0.7034068136        0.5141436446
        0.7054108216        0.5154602835
        0.7074148297        0.5167740301
        0.7094188377        0.5180823464
        0.7114228457        0.5193823249
        0.7134268537        0.5206707945
        0.7154308617        0.5219444342
        0.7174348697        0.5231998913
        0.7194388778        0.5244339006
        0.7214428858        0.5256433992
        0.7234468938        0.5268256343
        0.7254509018        0.5279782598
        0.7274549098        0.5290994187
        0.7294589178        0.5301878079
        0.7314629259        0.5312427248
        0.7334669339        0.5322640922
        0.7354709419        0.5332524625
        0.7374749499        0.5342089996
        0.7394789579        0.5351354414
        0.7414829659        0.5360340408
        0.7434869739        0.5369074917
        0.7454909820        0.5377588383
        0.7474949900        0.5385913744
        0.7494989980        0.5394085335
        0.7515030060        0.5402137760
        0.7535070140        0.5410104747
        0.7555110220        0.5418018051
        0.7575150301        0.5425906428
        0.7595190381        0.5433794719
        0.7615230461        0.5441703072
        0.7635270541        0.5449646337
        0.7655310621        0.5457633646
        0.7675350701        0.5465668196
        0.7695390782        0.5473747236
        0.7715430862        0.5481862270
        0.7735470942        0.5489999453
        0.7755511022        0.5498140177
        0.7775551102        0.5506261820
        0.7795591182        0.5514338630
        0.7815631263        0.5522342720
        0.7835671343        0.5530245131
        0.7855711423        0.5538016927
        0.7875751503        0.5545630287
        0.7895791583        0.5553059549
        0.7915831663        0.5560282183
        0.7935871743        0.5567279635
        0.7955911824        0.5574038039
        0.7975951904        0.5580548754
        0.7995991984        0.5586808717
        0.8016032064        0.5592820592
        0.8036072144        0.5598592717
        0.8056112224        0.5604138852
        0.8076152305        0.5609477726
        0.8096192385        0.5614632419
        0.8116232465        0.5619629575
        0.8136272545        0.5624498503
        0.8156312625        0.5629270176
        0.8176352705        0.5633976169
        0.8196392786        0.5638647583
        0.8216432866        0.5643313980
        0.8236472946        0.5648002374
        0.8256513026        0.5652736315
        0.8276553106        0.5657535085
        0.8296593186        0.5662413060
        0.8316633267        0.5667379229
        0.8336673347        0.5672436912
        0.8356713427        0.5677583673
        0.8376753507        0.5682811432
        0.8396793587        0.5688106782
        0.8416833667        0.5693451478
        0.8436873747        0.5698823109
        0.8456913828        0.5704195903
        0.8476953908        0.5709541647
        0.8496993988        0.5714830696
        0.8517034068        0.5720033022
        0.8537074148        0.5725119274
        0.8557114228        0.5730061812
        0.8577154309        0.5734835674
        0.8597194389        0.5739419443
        0.8617234469        0.5743795997
        0.8637274549        0.5747953088
        0.8657314629        0.5751883763
        0.8677354709        0.5755586590
        0.8697394790        0.5759065692
        0.8717434870        0.5762330588
        0.8737474950        0.5765395844
        0.8757515030        0.5768280557
        0.8777555110        0.5771007680
        0.8797595190        0.5773603221
        0.8817635271        0.5776095341
        0.8837675351        0.5778513392
        0.8857715431        0.5780886916
        0.8877755511        0.5783244654
        0.8897795591        0.5785613598
        0.8917835671        0.5788018108
        0.8937875752        0.5790479146
        0.8957915832        0.5793013628
        0.8977955912        0.5795633942
        0.8997995992        0.5798347624
        0.9018036072        0.5801157223
        0.9038076152        0.5804060337
        0.9058116232        0.5807049837
        0.9078156313        0.5810114250
        0.9098196393        0.5813238295
        0.9118236473        0.5816403555
        0.9138276553        0.5819589243
        0.9158316633        0.5822773045
        0.9178356713        0.5825932004
        0.9198396794        0.5829043410
        0.9218436874        0.5832085661
        0.9238476954        0.5835039071
        0.9258517034        0.5837886582
        0.9278557114        0.5840614369
        0.9298597194        0.5843212300
        0.9318637275        0.5845674253
        0.9338677355        0.5847998263
        0.9358717435        0.5850186508
        0.9378757515        0.5852245128
        0.9398797595        0.5854183895
        0.9418837675        0.5856015734
        0.9438877756        0.5857756135
        0.9458917836        0.5859422466
        0.9478957916        0.5861033218
        0.9498997996        0.5862607218
        0.9519038076        0.5864162836
        0.9539078156        0.5865717224
        0.9559118236        0.5867285610
        0.9579158317        0.5868880682
        0.9599198397        0.5870512087
        0.9619238477        0.5872186054
        0.9639278557        0.5873905175
        0.9659318637        0.5875668331
        0.9679358717        0.5877470789
        0.9699398798        0.5879304442
        0.9719438878        0.5881158201
        0.9739478958        0.5883018514
        0.9759519038        0.5884869996
        0.9779559118        0.5886696135
        0.9799599198        0.5888480056
        0.9819639279        0.5890205309
        0.9839679359        0.5891856640
        0.9859719439        0.5893420726
        0.9879759519        0.5894886831
        0.9899799599        0.5896247366
        0.9919839679        0.5897498319
        0.9939879760        0.5898639542
        0.9959919840        0.5899674881
        0.9979959920        0.5900612130
        1.0000000000        0.5901462835
