        0.0000000000      -14.0466301369
        0.0020040080      -14.2222633260
        0.0040080160      -14.3950534540
        0.0060120240      -14.5649050102
        0.0080160321      -14.7317250278
        0.0100200401      -14.8954229408
        0.0120240481      -15.0559104142
        0.0140280561      -15.2131011420
        0.0160320641      -15.3669106128
        0.0180360721      -15.5172558431
        0.0200400802      -15.6640550811
        0.0220440882      -15.8072274857
        0.0240480962      -15.9466927884
        0.0260521042      -16.0823709465
        0.0280561122      -16.2141817988
        0.0300601202      -16.3420447358
        0.0320641283      -16.4658783972
        0.0340681363      -16.5856004113
        0.0360721443      -16.7011271882
        0.0380761523      -16.8123737800
        0.0400801603      -16.9192538209
        0.0420841683      -17.0216795539
        0.0440881764      -17.1195619550
        0.0460921844      -17.2128109569
        0.0480961924      -17.3013357758
        0.0501002004      -17.3850453391
        0.0521042084      -17.4638488100
        0.0541082164      -17.5376562000
        0.0561122244      -17.6063790602
        0.0581162325      -17.6699312353
        0.0601202405      -17.7282296653
        0.0621242485      -17.7811952169
        0.0641282565      -17.8287535224
        0.0661322645      -17.8708358089
        0.0681362725      -17.9073796931
        0.0701402806      -17.9383299245
        0.0721442886      -17.9636390556
        0.0741482966      -17.9832680223
        0.0761523046      -17.9971866198
        0.0781563126      -18.0053738605
        0.0801603206      -18.0078182067
        0.0821643287      -18.0045176707
        0.0841683367      -17.9954797821
        0.0861723447      -17.9807214237
        0.0881763527      -17.9602685413
        0.0901803607      -17.9341557381
        0.0921843687      -17.9024257641
        0.0941883768      -17.8651289174
        0.0961923848      -17.8223223728
        0.0981963928      -17.7740694582
        0.1002004008      -17.7204388970
        0.1022044088      -17.6615040376
        0.1042084168      -17.5973420881
        0.1062124248      -17.5280333769
        0.1082164329      -17.4536606534
        0.1102204409      -17.3743084453
        0.1122244489      -17.2900624850
        0.1142284569      -17.2010092121
        0.1162324649      -17.1072353614
        0.1182364729      -17.0088276367
        0.1202404810      -16.9058724730
        0.1222444890      -16.7984558817
        0.1242484970      -16.6866633755
        0.1262525050      -16.5705799641
        0.1282565130      -16.4502902115
        0.1302605210      -16.3258783435
        0.1322645291      -16.1974283940
        0.1342685371      -16.0650243792
        0.1362725451      -15.9287504861
        0.1382765531      -15.7886912658
        0.1402805611      -15.6449318225
        0.1422845691      -15.4975579897
        0.1442885772      -15.3466564871
        0.1462925852      -15.1923150569
        0.1482965932      -15.0346225754
        0.1503006012      -14.8736691422
        0.1523046092      -14.7095461498
        0.1543086172      -14.5423463381
        0.1563126253      -14.3721638394
        0.1583166333      -14.1990942227
        0.1603206413      -14.0232345440
        0.1623246493      -13.8446834106
        0.1643286573      -13.6635410683
        0.1663326653      -13.4799095171
        0.1683366733      -13.2938926613
        0.1703406814      -13.1055964974
        0.1723446894      -12.9151293414
        0.1743486974      -12.7226020944
        0.1763527054      -12.5281285435
        0.1783567134      -12.3318256902
        0.1803607214      -12.1338141001
        0.1823647295      -11.9342182611
        0.1843687375      -11.7331669369
        0.1863727455      -11.5307935028
        0.1883767535      -11.3272362466
        0.1903807615      -11.1226386187
        0.1923847695      -10.9171494152
        0.1943887776      -10.7109228786
        0.1963927856      -10.5041187015
        0.1983967936      -10.2969019218
        0.2004008016      -10.0894426989
        0.2024048096       -9.8819159643
        0.2044088176       -9.6745009440
        0.2064128257       -9.4673805528
        0.2084168337       -9.2607406636
        0.2104208417       -9.0547692616
        0.2124248497       -8.8496554943
        0.2144288577       -8.6455886319
        0.2164328657       -8.4427569585
        0.2184368737       -8.2413466132
        0.2204408818       -8.0415404046
        0.2224448898       -7.8435166246
        0.2244488978       -7.6474478842
        0.2264529058       -7.4534999979
        0.2284569138       -7.2618309401
        0.2304609218       -7.0725898950
        0.2324649299       -6.8859164213
        0.2344689379       -6.7019397471
        0.2364729459       -6.5207782098
        0.2384769539       -6.3425388485
        0.2404809619       -6.1673171567
        0.2424849699       -5.9951969936
        0.2444889780       -5.8262506520
        0.2464929860       -5.6605390752
        0.2484969940       -5.4981122112
        0.2505010020       -5.3390094880
        0.2525050100       -5.1832603952
        0.2545090180       -5.0308851479
        0.2565130261       -4.8818954146
        0.2585170341       -4.7362950840
        0.2605210421       -4.5940810498
        0.2625250501       -4.4552439899
        0.2645290581       -4.3197691205
        0.2665330661       -4.1876369062
        0.2685370741       -4.0588237098
        0.2705410822       -3.9333023687
        0.2725450902       -3.8110426886
        0.2745490982       -3.6920118488
        0.2765531062       -3.5761747160
        0.2785571142       -3.4634940688
        0.2805611222       -3.3539307366
        0.2825651303       -3.2474436627
        0.2845691383       -3.1439899003
        0.2865731463       -3.0435245550
        0.2885771543       -2.9460006895
        0.2905811623       -2.8513692040
        0.2925851703       -2.7595787099
        0.2945891784       -2.6705754110
        0.2965931864       -2.5843030088
        0.2985971944       -2.5007026427
        0.3006012024       -2.4197128784
        0.3026052104       -2.3412697523
        0.3046092184       -2.2653068779
        0.3066132265       -2.1917556181
        0.3086172345       -2.1205453231
        0.3106212425       -2.0516036311
        0.3126252505       -1.9848568266
        0.3146292585       -1.9202302478
        0.3166332665       -1.8576487338
        0.3186372745       -1.7970370973
        0.3206412826       -1.7383206135
        0.3226452906       -1.6814255063
        0.3246492986       -1.6262794227
        0.3266533066       -1.5728118776
        0.3286573146       -1.5209546589
        0.3306613226       -1.4706421808
        0.3326653307       -1.4218117748
        0.3346693387       -1.3744039139
        0.3366733467       -1.3283623612
        0.3386773547       -1.2836342448
        0.3406813627       -1.2401700567
        0.3426853707       -1.1979235792
        0.3446893788       -1.1568517455
        0.3466933868       -1.1169144407
        0.3486973948       -1.0780742536
        0.3507014028       -1.0402961897
        0.3527054108       -1.0035473584
        0.3547094188       -0.9677966451
        0.3567134269       -0.9330143836
        0.3587174349       -0.8991720382
        0.3607214429       -0.8662419087
        0.3627254509       -0.8341968670
        0.3647294589       -0.8030101357
        0.3667334669       -0.7726551123
        0.3687374749       -0.7431052457
        0.3707414830       -0.7143339663
        0.3727454910       -0.6863146693
        0.3747494990       -0.6590207484
        0.3767535070       -0.6324256771
        0.3787575150       -0.6065031298
        0.3807615230       -0.5812271348
        0.3827655311       -0.5565722522
        0.3847695391       -0.5325137652
        0.3867735471       -0.5090278746
        0.3887775551       -0.4860918887
        0.3907815631       -0.4636843964
        0.3927855711       -0.4417854169
        0.3947895792       -0.4203765174
        0.3967935872       -0.3994408934
        0.3987975952       -0.3789634072
        0.4008016032       -0.3589305820
        0.4028056112       -0.3393305511
        0.4048096192       -0.3201529644
        0.4068136273       -0.3013888537
        0.4088176353       -0.2830304633
        0.4108216433       -0.2650710517
        0.4128256513       -0.2475046713
        0.4148296593       -0.2303259347
        0.4168336673       -0.2135297765
        0.4188376754       -0.1971112195
        0.4208416834       -0.1810651534
        0.4228456914       -0.1653861346
        0.4248496994       -0.1500682135
        0.4268537074       -0.1351047965
        0.4288577154       -0.1204885457
        0.4308617234       -0.1062113201
        0.4328657315       -0.0922641600
        0.4348697395       -0.0786373130
        0.4368737475       -0.0653203013
        0.4388777555       -0.0523020247
        0.4408817635       -0.0395708963
        0.4428857715       -0.0271150033
        0.4448897796       -0.0149222875
        0.4468937876       -0.0029807358
        0.4488977956        0.0087214250
        0.4509018036        0.0201955381
        0.4529058116        0.0314523392
        0.4549098196        0.0425017973
        0.4569138277        0.0533529804
        0.4589178357        0.0640139517
        0.4609218437        0.0744916983
        0.4629258517        0.0847920964
        0.4649298597        0.0949199123
        0.4669338677        0.1048788398
        0.4689378758        0.1146715704
        0.4709418838        0.1242998948
        0.4729458918        0.1337648292
        0.4749498998        0.1430667631
        0.4769539078        0.1522056206
        0.4789579158        0.1611810300
        0.4809619238        0.1699924944
        0.4829659319        0.1786395571
        0.4849699399        0.1871219556
        0.4869739479        0.1954397583
        0.4889779559        0.2035934794
        0.4909819639        0.2115841686
        0.4929859719        0.2194134722
        0.4949899800        0.2270836650
        0.4969939880        0.2345976522
        0.4989979960        0.2419589424
        0.5010020040        0.2491715938
        0.5030060120        0.2562401374
        0.5050100200        0.2631694795
        0.5070140281        0.2699647901
        0.5090180361        0.2766313814
        0.5110220441        0.2831745814
        0.5130260521        0.2895996088
        0.5150300601        0.2959114542
        0.5170340681        0.3021147720
        0.5190380762        0.3082137878
        0.5210420842        0.3142122244
        0.5230460922        0.3201132492
        0.5250501002        0.3259194448
        0.5270541082        0.3316328029
        0.5290581162        0.3372547419
        0.5310621242        0.3427861469
        0.5330661323        0.3482274291
        0.5350701403        0.3535786024
        0.5370741483        0.3588393744
        0.5390781563        0.3640092455
        0.5410821643        0.3690876145
        0.5430861723        0.3740738842
        0.5450901804        0.3789675643
        0.5470941884        0.3837683656
        0.5490981964        0.3884762844
        0.5511022044        0.3930916713
        0.5531062124        0.3976152837
        0.5551102204        0.4020483200
        0.5571142285        0.4063924333
        0.5591182365        0.4106497269
        0.5611222445        0.4148227292
        0.5631262525        0.4189143524
        0.5651302605        0.4229278343
        0.5671342685        0.4268666683
        0.5691382766        0.4307345227
        0.5711422846        0.4345351529
        0.5731462926        0.4382723122
        0.5751503006        0.4419496607
        0.5771543086        0.4455706797
        0.5791583166        0.4491385921
        0.5811623246        0.4526562926
        0.5831663327        0.4561262902
        0.5851703407        0.4595506638
        0.5871743487        0.4629310332
        0.5891783567        0.4662685453
        0.5911823647        0.4695638765
        0.5931863727        0.4728172486
        0.5951903808        0.4760284599
        0.5971943888        0.4791969282
        0.5991983968        0.4823217433
        0.6012024048        0.4854017289
        0.6032064128        0.4884355089
        0.6052104208        0.4914215785
        0.6072144289        0.4943583743
        0.6092184369        0.4972443446
        0.6112224449        0.5000780149
        0.6132264529        0.5028580486
        0.6152304609        0.5055833005
        0.6172344689        0.5082528619
        0.6192384770        0.5108660971
        0.6212424850        0.5134226703
        0.6232464930        0.5159225628
        0.6252505010        0.5183660813
        0.6272545090        0.5207538574
        0.6292585170        0.5230868384
        0.6312625251        0.5253662725
        0.6332665331        0.5275936864
        0.6352705411        0.5297708592
        0.6372745491        0.5318997916
        0.6392785571        0.5339826732
        0.6412825651        0.5360218469
        0.6432865731        0.5380197733
        0.6452905812        0.5399789942
        0.6472945892        0.5419020965
        0.6492985972        0.5437916766
        0.6513026052        0.5456503060
        0.6533066132        0.5474804979
        0.6553106212        0.5492846744
        0.6573146293        0.5510651362
        0.6593186373        0.5528240321
        0.6613226453        0.5545633308
        0.6633266533        0.5562847942
        0.6653306613        0.5579899522
        0.6673346693        0.5596800790
        0.6693386774        0.5613561733
        0.6713426854        0.5630189400
        0.6733466934        0.5646687767
        0.6753507014        0.5663057636
        0.6773547094        0.5679296594
        0.6793587174        0.5695399019
        0.6813627255        0.5711356160
        0.6833667335        0.5727156282
        0.6853707415        0.5742784882
        0.6873747495        0.5758224986
        0.6893787575        0.5773457519
        0.6913827655        0.5788461745
        0.6933867735        0.5803215775
        0.6953907816        0.5817697130
        0.6973947896        0.5831883350
        0.6993987976        0.5845752631
        0.7014028056        0.5859284474
        0.7034068136        0.5872460327
        0.7054108216        0.5885264203
        0.7074148297        0.5897683241
        0.7094188377        0.5909708209
        0.7114228457        0.5921333905
        0.7134268537        0.5932559468
        0.7154308617        0.5943388548
        0.7174348697        0.5953829366
        0.7194388778        0.5963894611
        0.7214428858        0.5973601218
        0.7234468938        0.5982969992
        0.7254509018        0.5992025107
        0.7274549098        0.6000793489
        0.7294589178        0.6009304094
        0.7314629259        0.6017587117
        0.7334669339        0.6025673142
        0.7354709419        0.6033592274
        0.7374749499        0.6041373275
        0.7394789579        0.6049042740
        0.7414829659        0.6056624346
        0.7434869739        0.6064138190
        0.7454909820        0.6071600257
        0.7474949900        0.6079022029
        0.7494989980        0.6086410258
        0.7515030060        0.6093766908
        0.7535070140        0.6101089275
        0.7555110220        0.6108370283
        0.7575150301        0.6115598941
        0.7595190381        0.6122760959
        0.7615230461        0.6129839480
        0.7635270541        0.6136815928
        0.7655310621        0.6143670913
        0.7675350701        0.6150385188
        0.7695390782        0.6156940595
        0.7715430862        0.6163320976
        0.7735470942        0.6169513020
        0.7755511022        0.6175506994
        0.7775551102        0.6181297345
        0.7795591182        0.6186883142
        0.7815631263        0.6192268334
        0.7835671343        0.6197461823
        0.7855711423        0.6202477333
        0.7875751503        0.6207333097
        0.7895791583        0.6212051350
        0.7915831663        0.6216657666
        0.7935871743        0.6221180148
        0.7955911824        0.6225648514
        0.7975951904        0.6230093102
        0.7995991984        0.6234543844
        0.8016032064        0.6239029236
        0.8036072144        0.6243575354
        0.8056112224        0.6248204948
        0.8076152305        0.6252936657
        0.8096192385        0.6257784366
        0.8116232465        0.6262756737
        0.8136272545        0.6267856932
        0.8156312625        0.6273082541
        0.8176352705        0.6278425704
        0.8196392786        0.6283873449
        0.8216432866        0.6289408202
        0.8236472946        0.6295008474
        0.8256513026        0.6300649677
        0.8276553106        0.6306305054
        0.8296593186        0.6311946673
        0.8316633267        0.6317546448
        0.8336673347        0.6323077151
        0.8356713427        0.6328513365
        0.8376753507        0.6333832353
        0.8396793587        0.6339014792
        0.8416833667        0.6344045354
        0.8436873747        0.6348913112
        0.8456913828        0.6353611749
        0.8476953908        0.6358139561
        0.8496993988        0.6362499271
        0.8517034068        0.6366697641
        0.8537074148        0.6370744919
        0.8557114228        0.6374654136
        0.8577154309        0.6378440285
        0.8597194389        0.6382119421
        0.8617234469        0.6385707726
        0.8637274549        0.6389220566
        0.8657314629        0.6392671603
        0.8677354709        0.6396071981
        0.8697394790        0.6399429641
        0.8717434870        0.6402748785
        0.8737474950        0.6406029519
        0.8757515030        0.6409267696
        0.8777555110        0.6412454961
        0.8797595190        0.6415579008
        0.8817635271        0.6418624035
        0.8837675351        0.6421571385
        0.8857715431        0.6424400345
        0.8877755511        0.6427089070
        0.8897795591        0.6429615605
        0.8917835671        0.6431958949
        0.8937875752        0.6434100121
        0.8957915832        0.6436023198
        0.8977955912        0.6437716248
        0.8997995992        0.6439172159
        0.9018036072        0.6440389282
        0.9038076152        0.6441371899
        0.9058116232        0.6442130462
        0.9078156313        0.6442681606
        0.9098196393        0.6443047924
        0.9118236473        0.6443257510
        0.9138276553        0.6443343278
        0.9158316633        0.6443342095
        0.9178356713        0.6443293736
        0.9198396794        0.6443239716
        0.9218436874        0.6443222040
        0.9238476954        0.6443281907
        0.9258517034        0.6443458428
        0.9278557114        0.6443787404
        0.9298597194        0.6444300204
        0.9318637275        0.6445022799
        0.9338677355        0.6445974974
        0.9358717435        0.6447169757
        0.9378757515        0.6448613089
        0.9398797595        0.6450303739
        0.9418837675        0.6452233474
        0.9438877756        0.6454387470
        0.9458917836        0.6456744955
        0.9478957916        0.6459280049
        0.9498997996        0.6461962781
        0.9519038076        0.6464760219
        0.9539078156        0.6467637697
        0.9559118236        0.6470560066
        0.9579158317        0.6473492934
        0.9599198397        0.6476403839
        0.9619238477        0.6479263309
        0.9639278557        0.6482045780
        0.9659318637        0.6484730317
        0.9679358717        0.6487301129
        0.9699398798        0.6489747852
        0.9719438878        0.6492065591
        0.9739478958        0.6494254731
        0.9759519038        0.6496320517
        0.9779559118        0.6498272436
        0.9799599198        0.6500123423
        0.9819639279        0.6501888932
        0.9839679359        0.6503585913
        0.9859719439        0.6505231744
        0.9879759519        0.6506843163
        0.9899799599        0.6508435259
        0.9919839679        0.6510020549
        0.9939879760        0.6511608207
        0.9959919840        0.6513203463
        0.9979959920        0.6514807210
        1.0000000000        0.6516415835
