        0.0000000000      -14.0530704979
        0.0020040080      -14.2314118237
        0.0040080160      -14.4068402956
        0.0060120240      -14.5792566326
        0.0080160321      -14.7485638042
        0.0100200401      -14.9146668556
        0.0120240481      -15.0774727163
        0.0140280561      -15.2368899915
        0.0160320641      -15.3928287322
        0.0180360721      -15.5452001868
        0.0200400802      -15.6939165337
        0.0220440882      -15.8388906015
        0.0240480962      -15.9800355808
        0.0260521042      -16.1172647359
        0.0280561122      -16.2504911265
        0.0300601202      -16.3796273488
        0.0320641283      -16.5045853086
        0.0340681363      -16.6252760374
        0.0360721443      -16.7416095629
        0.0380761523      -16.8534948465
        0.0400801603      -16.9608397957
        0.0420841683      -17.0635513608
        0.0440881764      -17.1615357222
        0.0460921844      -17.2546985705
        0.0480961924      -17.3429454819
        0.0501002004      -17.4261823850
        0.0521042084      -17.5043161151
        0.0541082164      -17.5772550469
        0.0561122244      -17.6449097937
        0.0581162325      -17.7071939610
        0.0601202405      -17.7640249362
        0.0621242485      -17.8153246982
        0.0641282565      -17.8610206262
        0.0661322645      -17.9010462891
        0.0681362725      -17.9353421946
        0.0701402806      -17.9638564797
        0.0721442886      -17.9865455239
        0.0741482966      -18.0033744693
        0.0761523046      -18.0143176348
        0.0781563126      -18.0193588125
        0.0801603206      -18.0184914390
        0.0821643287      -18.0117186393
        0.0841683367      -17.9990531405
        0.0861723447      -17.9805170605
        0.0881763527      -17.9561415776
        0.0901803607      -17.9259664912
        0.0921843687      -17.8900396862
        0.0941883768      -17.8484165173
        0.0961923848      -17.8011591293
        0.0981963928      -17.7483357313
        0.1002004008      -17.6900198463
        0.1022044088      -17.6262895524
        0.1042084168      -17.5572267351
        0.1062124248      -17.4829163685
        0.1082164329      -17.4034458396
        0.1102204409      -17.3189043292
        0.1122244489      -17.2293822614
        0.1142284569      -17.1349708265
        0.1162324649      -17.0357615858
        0.1182364729      -16.9318461572
        0.1202404810      -16.8233159835
        0.1222444890      -16.7102621768
        0.1242484970      -16.5927754374
        0.1262525050      -16.4709460349
        0.1282565130      -16.3448638470
        0.1302605210      -16.2146184425
        0.1322645291      -16.0802992007
        0.1342685371      -15.9419954550
        0.1362725451      -15.7997966522
        0.1382765531      -15.6537925189
        0.1402805611      -15.5040732271
        0.1422845691      -15.3507295532
        0.1442885772      -15.1938530284
        0.1462925852      -15.0335360764
        0.1482965932      -14.8698721400
        0.1503006012      -14.7029557986
        0.1523046092      -14.5328828793
        0.1543086172      -14.3597505667
        0.1563126253      -14.1836575179
        0.1583166333      -14.0047039871
        0.1603206413      -13.8229919678
        0.1623246493      -13.6386253567
        0.1643286573      -13.4517101445
        0.1663326653      -13.2623546369
        0.1683366733      -13.0706697070
        0.1703406814      -12.8767690786
        0.1723446894      -12.6807696373
        0.1743486974      -12.4827917639
        0.1763527054      -12.2829596831
        0.1783567134      -12.0814018173
        0.1803607214      -11.8782511323
        0.1823647295      -11.6736454642
        0.1843687375      -11.4677278092
        0.1863727455      -11.2606465640
        0.1883767535      -11.0525556990
        0.1903807615      -10.8436148501
        0.1923847695      -10.6339893156
        0.1943887776      -10.4238499451
        0.1963927856      -10.2133729107
        0.1983967936      -10.0027393545
        0.2004008016       -9.7921349074
        0.2024048096       -9.5817490790
        0.2044088176       -9.3717745238
        0.2064128257       -9.1624061885
        0.2084168337       -8.9538403547
        0.2104208417       -8.7462735886
        0.2124248497       -8.5399016180
        0.2144288577       -8.3349181560
        0.2164328657       -8.1315136953
        0.2184368737       -7.9298742961
        0.2204408818       -7.7301803937
        0.2224448898       -7.5326056511
        0.2244488978       -7.3373158798
        0.2264529058       -7.1444680531
        0.2284569138       -6.9542094306
        0.2304609218       -6.7666768135
        0.2324649299       -6.5819959429
        0.2344689379       -6.4002810528
        0.2364729459       -6.2216345826
        0.2384769539       -6.0461470514
        0.2404809619       -5.8738970909
        0.2424849699       -5.7049516302
        0.2444889780       -5.5393662201
        0.2464929860       -5.3771854845
        0.2484969940       -5.2184436791
        0.2505010020       -5.0631653380
        0.2525050100       -4.9113659866
        0.2545090180       -4.7630528985
        0.2565130261       -4.6182258717
        0.2585170341       -4.4768780043
        0.2605210421       -4.3389964467
        0.2625250501       -4.2045631127
        0.2645290581       -4.0735553325
        0.2665330661       -3.9459464354
        0.2685370741       -3.8217062509
        0.2705410822       -3.7008015244
        0.2725450902       -3.5831962425
        0.2745490982       -3.4688518728
        0.2765531062       -3.3577275193
        0.2785571142       -3.2497800052
        0.2805611222       -3.1449638911
        0.2825651303       -3.0432314437
        0.2845691383       -2.9445325681
        0.2865731463       -2.8488147212
        0.2885771543       -2.7560228198
        0.2905811623       -2.6660991612
        0.2925851703       -2.5789833687
        0.2945891784       -2.4946123764
        0.2965931864       -2.4129204635
        0.2985971944       -2.3338393453
        0.3006012024       -2.2572983283
        0.3026052104       -2.1832245288
        0.3046092184       -2.1115431573
        0.3066132265       -2.0421778624
        0.3086172345       -1.9750511292
        0.3106212425       -1.9100847219
        0.3126252505       -1.8472001602
        0.3146292585       -1.7863192164
        0.3166332665       -1.7273644191
        0.3186372745       -1.6702595490
        0.3206412826       -1.6149301131
        0.3226452906       -1.5613037824
        0.3246492986       -1.5093107817
        0.3266533066       -1.4588842204
        0.3286573146       -1.4099603552
        0.3306613226       -1.3624787789
        0.3326653307       -1.3163825313
        0.3346693387       -1.2716181322
        0.3366733467       -1.2281355372
        0.3386773547       -1.1858880222
        0.3406813627       -1.1448320026
        0.3426853707       -1.1049267974
        0.3446893788       -1.0661343483
        0.3466933868       -1.0284189067
        0.3486973948       -0.9917467012
        0.3507014028       -0.9560855997
        0.3527054108       -0.9214047780
        0.3547094188       -0.8876744087
        0.3567134269       -0.8548653802
        0.3587174349       -0.8229490564
        0.3607214429       -0.7918970837
        0.3627254509       -0.7616812513
        0.3647294589       -0.7322734072
        0.3667334669       -0.7036454307
        0.3687374749       -0.6757692591
        0.3707414830       -0.6486169648
        0.3727454910       -0.6221608762
        0.3747494990       -0.5963737338
        0.3767535070       -0.5712288738
        0.3787575150       -0.5467004271
        0.3807615230       -0.5227635232
        0.3827655311       -0.4993944891
        0.3847695391       -0.4765710320
        0.3867735471       -0.4542723958
        0.3887775551       -0.4324794839
        0.3907815631       -0.4111749410
        0.3927855711       -0.3903431900
        0.3947895792       -0.3699704191
        0.3967935872       -0.3500445212
        0.3987975952       -0.3305549838
        0.4008016032       -0.3114927367
        0.4028056112       -0.2928499586
        0.4048096192       -0.2746198539
        0.4068136273       -0.2567964046
        0.4088176353       -0.2393741092
        0.4108216433       -0.2223477162
        0.4128256513       -0.2057119655
        0.4148296593       -0.1894613438
        0.4168336673       -0.1735898666
        0.4188376754       -0.1580908930
        0.4208416834       -0.1429569809
        0.4228456914       -0.1281797877
        0.4248496994       -0.1137500199
        0.4268537074       -0.0996574333
        0.4288577154       -0.0858908826
        0.4308617234       -0.0724384188
        0.4328657315       -0.0592874295
        0.4348697395       -0.0464248157
        0.4368737475       -0.0338371988
        0.4388777555       -0.0215111482
        0.4408817635       -0.0094334203
        0.4428857715        0.0024088000
        0.4448897796        0.0140276660
        0.4468937876        0.0254344529
        0.4488977956        0.0366393669
        0.4509018036        0.0476513880
        0.4529058116        0.0584781521
        0.4549098196        0.0691258763
        0.4569138277        0.0795993325
        0.4589178357        0.0899018675
        0.4609218437        0.1000354710
        0.4629258517        0.1100008875
        0.4649298597        0.1197977688
        0.4669338677        0.1294248601
        0.4689378758        0.1388802140
        0.4709418838        0.1481614233
        0.4729458918        0.1572658644
        0.4749498998        0.1661909424
        0.4769539078        0.1749343284
        0.4789579158        0.1834941814
        0.4809619238        0.1918693457
        0.4829659319        0.2000595181
        0.4849699399        0.2080653783
        0.4869739479        0.2158886788
        0.4889779559        0.2235322918
        0.4909819639        0.2310002109
        0.4929859719        0.2382975104
        0.4949899800        0.2454302616
        0.4969939880        0.2524054128
        0.4989979960        0.2592306354
        0.5010020040        0.2659141439
        0.5030060120        0.2724644965
        0.5050100200        0.2788903834
        0.5070140281        0.2852004111
        0.5090180361        0.2914028908
        0.5110220441        0.2975056381
        0.5130260521        0.3035157911
        0.5150300601        0.3094396534
        0.5170340681        0.3152825675
        0.5190380762        0.3210488212
        0.5210420842        0.3267415920
        0.5230460922        0.3323629286
        0.5250501002        0.3379137712
        0.5270541082        0.3433940076
        0.5290581162        0.3488025642
        0.5310621242        0.3541375266
        0.5330661323        0.3593962855
        0.5350701403        0.3645757028
        0.5370741483        0.3696722904
        0.5390781563        0.3746823973
        0.5410821643        0.3796023962
        0.5430861723        0.3844288648
        0.5450901804        0.3891587547
        0.5470941884        0.3937895435
        0.5490981964        0.3983193639
        0.5511022044        0.4027471074
        0.5531062124        0.4070724989
        0.5551102204        0.4112961406
        0.5571142285        0.4154195244
        0.5591182365        0.4194450132
        0.5611222445        0.4233757933
        0.5631262525        0.4272157986
        0.5651302605        0.4309696114
        0.5671342685        0.4346423431
        0.5691382766        0.4382394988
        0.5711422846        0.4417668314
        0.5731462926        0.4452301901
        0.5751503006        0.4486353676
        0.5771543086        0.4519879523
        0.5791583166        0.4552931886
        0.5811623246        0.4585558511
        0.5831663327        0.4617801346
        0.5851703407        0.4649695646
        0.5871743487        0.4681269297
        0.5891783567        0.4712542374
        0.5911823647        0.4743526941
        0.5931863727        0.4774227099
        0.5951903808        0.4804639267
        0.5971943888        0.4834752682
        0.5991983968        0.4864550102
        0.6012024048        0.4894008681
        0.6032064128        0.4923100995
        0.6052104208        0.4951796165
        0.6072144289        0.4980061071
        0.6092184369        0.5007861590
        0.6112224449        0.5035163847
        0.6132264529        0.5061935423
        0.6152304609        0.5088146499
        0.6172344689        0.5113770902
        0.6192384770        0.5138787025
        0.6212424850        0.5163178595
        0.6232464930        0.5186935277
        0.6252505010        0.5210053098
        0.6272545090        0.5232534680
        0.6292585170        0.5254389278
        0.6312625251        0.5275632638
        0.6332665331        0.5296286662
        0.6352705411        0.5316378907
        0.6372745491        0.5335941930
        0.6392785571        0.5355012492
        0.6412825651        0.5373630657
        0.6432865731        0.5391838800
        0.6452905812        0.5409680559
        0.6472945892        0.5427199751
        0.6492985972        0.5444439298
        0.6513026052        0.5461440170
        0.6533066132        0.5478240397
        0.6553106212        0.5494874155
        0.6573146293        0.5511370968
        0.6593186373        0.5527755040
        0.6613226453        0.5544044729
        0.6633266533        0.5560252198
        0.6653306613        0.5576383225
        0.6673346693        0.5592437198
        0.6693386774        0.5608407293
        0.6713426854        0.5624280819
        0.6733466934        0.5640039733
        0.6753507014        0.5655661301
        0.6773547094        0.5671118895
        0.6793587174        0.5686382898
        0.6813627255        0.5701421691
        0.6833667335        0.5716202690
        0.6853707415        0.5730693420
        0.6873747495        0.5744862561
        0.6893787575        0.5758680972
        0.6913827655        0.5772122630
        0.6933867735        0.5785165481
        0.6953907816        0.5797792152
        0.6973947896        0.5809990527
        0.6993987976        0.5821754148
        0.7014028056        0.5833082437
        0.7034068136        0.5843980737
        0.7054108216        0.5854460160
        0.7074148297        0.5864537255
        0.7094188377        0.5874233506
        0.7114228457        0.5883574674
        0.7134268537        0.5892590009
        0.7154308617        0.5901311358
        0.7174348697        0.5909772197
        0.7194388778        0.5918006626
        0.7214428858        0.5926048357
        0.7234468938        0.5933929734
        0.7254509018        0.5941680818
        0.7274549098        0.5949328570
        0.7294589178        0.5956896162
        0.7314629259        0.5964402435
        0.7334669339        0.5971861534
        0.7354709419        0.5979282724
        0.7374749499        0.5986670393
        0.7394789579        0.5994024247
        0.7414829659        0.6001339684
        0.7434869739        0.6008608336
        0.7454909820        0.6015818749
        0.7474949900        0.6022957186
        0.7494989980        0.6030008511
        0.7515030060        0.6036957124
        0.7535070140        0.6043787904
        0.7555110220        0.6050487132
        0.7575150301        0.6057043343
        0.7595190381        0.6063448079
        0.7615230461        0.6069696513
        0.7635270541        0.6075787914
        0.7655310621        0.6081725926
        0.7675350701        0.6087518665
        0.7695390782        0.6093178604
        0.7715430862        0.6098722268
        0.7735470942        0.6104169743
        0.7755511022        0.6109544002
        0.7775551102        0.6114870102
        0.7795591182        0.6120174250
        0.7815631263        0.6125482800
        0.7835671343        0.6130821206
        0.7855711423        0.6136212977
        0.7875751503        0.6141678681
        0.7895791583        0.6147235025
        0.7915831663        0.6152894072
        0.7935871743        0.6158662603
        0.7955911824        0.6164541676
        0.7975951904        0.6170526388
        0.7995991984        0.6176605855
        0.8016032064        0.6182763426
        0.8036072144        0.6188977107
        0.8056112224        0.6195220203
        0.8076152305        0.6201462146
        0.8096192385        0.6207669470
        0.8116232465        0.6213806927
        0.8136272545        0.6219838666
        0.8156312625        0.6225729462
        0.8176352705        0.6231445926
        0.8196392786        0.6236957667
        0.8216432866        0.6242238347
        0.8236472946        0.6247266597
        0.8256513026        0.6252026751
        0.8276553106        0.6256509376
        0.8296593186        0.6260711572
        0.8316633267        0.6264637027
        0.8336673347        0.6268295835
        0.8356713427        0.6271704063
        0.8376753507        0.6274883110
        0.8396793587        0.6277858856
        0.8416833667        0.6280660654
        0.8436873747        0.6283320196
        0.8456913828        0.6285870292
        0.8476953908        0.6288343622
        0.8496993988        0.6290771504
        0.8517034068        0.6293182725
        0.8537074148        0.6295602490
        0.8557114228        0.6298051512
        0.8577154309        0.6300545313
        0.8597194389        0.6303093723
        0.8617234469        0.6305700637
        0.8637274549        0.6308364004
        0.8657314629        0.6311076082
        0.8677354709        0.6313823921
        0.8697394790        0.6316590072
        0.8717434870        0.6319353489
        0.8737474950        0.6322090582
        0.8757515030        0.6324776387
        0.8777555110        0.6327385799
        0.8797595190        0.6329894820
        0.8817635271        0.6332281770
        0.8837675351        0.6334528411
        0.8857715431        0.6336620938
        0.8877755511        0.6338550791
        0.8897795591        0.6340315265
        0.8917835671        0.6341917873
        0.8937875752        0.6343368462
        0.8957915832        0.6344683067
        0.8977955912        0.6345883502
        0.8997995992        0.6346996720
        0.9018036072        0.6348053940
        0.9038076152        0.6349089593
        0.9058116232        0.6350140123
        0.9078156313        0.6351242680
        0.9098196393        0.6352433775
        0.9118236473        0.6353747922
        0.9138276553        0.6355216348
        0.9158316633        0.6356865806
        0.9178356713        0.6358717534
        0.9198396794        0.6360786416
        0.9218436874        0.6363080370
        0.9238476954        0.6365599976
        0.9258517034        0.6368338383
        0.9278557114        0.6371281479
        0.9298597194        0.6374408325
        0.9318637275        0.6377691834
        0.9338677355        0.6381099672
        0.9358717435        0.6384595344
        0.9378757515        0.6388139420
        0.9398797595        0.6391690858
        0.9418837675        0.6395208367
        0.9438877756        0.6398651770
        0.9458917836        0.6401983298
        0.9478957916        0.6405168776
        0.9498997996        0.6408178660
        0.9519038076        0.6410988877
        0.9539078156        0.6413581445
        0.9559118236        0.6415944855
        0.9579158317        0.6418074193
        0.9599198397        0.6419971013
        0.9619238477        0.6421642967
        0.9639278557        0.6423103210
        0.9659318637        0.6424369611
        0.9679358717        0.6425463802
        0.9699398798        0.6426410117
        0.9719438878        0.6427234451
        0.9739478958        0.6427963112
        0.9759519038        0.6428621689
        0.9779559118        0.6429234004
        0.9799599198        0.6429821181
        0.9819639279        0.6430400874
        0.9839679359        0.6430986687
        0.9859719439        0.6431587800
        0.9879759519        0.6432208824
        0.9899799599        0.6432849882
        0.9919839679        0.6433506914
        0.9939879760        0.6434172184
        0.9959919840        0.6434834964
        0.9979959920        0.6435482364
        1.0000000000        0.6436100275
