        0.0000000000      -17.4438176856
        0.0020040080      -17.5196385064
        0.0040080160      -17.5907646650
        0.0060120240      -17.6571203829
        0.0080160321      -17.7186320921
        0.0100200401      -17.7752289511
        0.0120240481      -17.8268433853
        0.0140280561      -17.8734116392
        0.0160320641      -17.9148743337
        0.0180360721      -17.9511770133
        0.0200400802      -17.9822706752
        0.0220440882      -18.0081122664
        0.0240480962      -18.0286651386
        0.0260521042      -18.0438994511
        0.0280561122      -18.0537925110
        0.0300601202      -18.0583290435
        0.0320641283      -18.0575013851
        0.0340681363      -18.0513095955
        0.0360721443      -18.0397614836
        0.0380761523      -18.0228725488
        0.0400801603      -18.0006658365
        0.0420841683      -17.9731717116
        0.0440881764      -17.9404275553
        0.0460921844      -17.9024773905
        0.0480961924      -17.8593714452
        0.0501002004      -17.8111656631
        0.0521042084      -17.7579211721
        0.0541082164      -17.6997037211
        0.0561122244      -17.6365830986
        0.0581162325      -17.5686325441
        0.0601202405      -17.4959281634
        0.0621242485      -17.4185483609
        0.0641282565      -17.3365732973
        0.0661322645      -17.2500843829
        0.0681362725      -17.1591638157
        0.0701402806      -17.0638941682
        0.0721442886      -16.9643580311
        0.0741482966      -16.8606377151
        0.0761523046      -16.7528150136
        0.0781563126      -16.6409710268
        0.0801603206      -16.5251860451
        0.0821643287      -16.4055394902
        0.0841683367      -16.2821099101
        0.0861723447      -16.1549750220
        0.0881763527      -16.0242118003
        0.0901803607      -15.8898966012
        0.0921843687      -15.7521053196
        0.0941883768      -15.6109135714
        0.0961923848      -15.4663968954
        0.0981963928      -15.3186309697
        0.1002004008      -15.1676918372
        0.1022044088      -15.0136561360
        0.1042084168      -14.8566013311
        0.1062124248      -14.6966059457
        0.1082164329      -14.5337497882
        0.1102204409      -14.3681141757
        0.1122244489      -14.1997821518
        0.1142284569      -14.0288387000
        0.1162324649      -13.8553709518
        0.1182364729      -13.6794683915
        0.1202404810      -13.5012230562
        0.1222444890      -13.3207297336
        0.1242484970      -13.1380861557
        0.1262525050      -12.9533931902
        0.1282565130      -12.7667550257
        0.1302605210      -12.5782793514
        0.1322645291      -12.3880775276
        0.1342685371      -12.1962647443
        0.1362725451      -12.0029601621
        0.1382765531      -11.8082870326
        0.1402805611      -11.6123727922
        0.1422845691      -11.4153491215
        0.1442885772      -11.2173519675
        0.1462925852      -11.0185215184
        0.1482965932      -10.8190021286
        0.1503006012      -10.6189421850
        0.1523046092      -10.4184939121
        0.1543086172      -10.2178131100
        0.1563126253      -10.0170588240
        0.1583166333       -9.8163929427
        0.1603206413       -9.6159797267
        0.1623246493       -9.4159852671
        0.1643286573       -9.2165768803
        0.1663326653       -9.0179224413
        0.1683366733       -8.8201896654
        0.1703406814       -8.6235453453
        0.1723446894       -8.4281545541
        0.1743486974       -8.2341798266
        0.1763527054       -8.0417803302
        0.1783567134       -7.8511110398
        0.1803607214       -7.6623219303
        0.1823647295       -7.4755571994
        0.1843687375       -7.2909545364
        0.1863727455       -7.1086444472
        0.1883767535       -6.9287496495
        0.1903807615       -6.7513845474
        0.1923847695       -6.5766547948
        0.1943887776       -6.4046569539
        0.1963927856       -6.2354782541
        0.1983967936       -6.0691964536
        0.2004008016       -5.9058798037
        0.2024048096       -5.7455871139
        0.2044088176       -5.5883679137
        0.2064128257       -5.4342627034
        0.2084168337       -5.2833032869
        0.2104208417       -5.1355131758
        0.2124248497       -4.9909080520
        0.2144288577       -4.8494962789
        0.2164328657       -4.7112794455
        0.2184368737       -4.5762529311
        0.2204408818       -4.4444064765
        0.2224448898       -4.3157247504
        0.2244488978       -4.1901878967
        0.2264529058       -4.0677720533
        0.2284569138       -3.9484498331
        0.2304609218       -3.8321907592
        0.2324649299       -3.7189616482
        0.2344689379       -3.6087269387
        0.2364729459       -3.5014489629
        0.2384769539       -3.3970881616
        0.2404809619       -3.2956032456
        0.2424849699       -3.1969513065
        0.2444889780       -3.1010878837
        0.2464929860       -3.0079669939
        0.2484969940       -2.9175411324
        0.2505010020       -2.8297612526
        0.2525050100       -2.7445767361
        0.2545090180       -2.6619353601
        0.2565130261       -2.5817832717
        0.2585170341       -2.5040649781
        0.2605210421       -2.4287233591
        0.2625250501       -2.3556997085
        0.2645290581       -2.2849338085
        0.2665330661       -2.2163640417
        0.2685370741       -2.1499275405
        0.2705410822       -2.0855603752
        0.2725450902       -2.0231977777
        0.2745490982       -1.9627743989
        0.2765531062       -1.9042245935
        0.2785571142       -1.8474827274
        0.2805611222       -1.7924835003
        0.2825651303       -1.7391622746
        0.2845691383       -1.6874554047
        0.2865731463       -1.6373005562
        0.2885771543       -1.5886370077
        0.2905811623       -1.5414059272
        0.2925851703       -1.4955506169
        0.2945891784       -1.4510167185
        0.2965931864       -1.4077523764
        0.2985971944       -1.3657083532
        0.3006012024       -1.3248380972
        0.3026052104       -1.2850977595
        0.3046092184       -1.2464461634
        0.3066132265       -1.2088447278
        0.3086172345       -1.1722573480
        0.3106212425       -1.1366502398
        0.3126252505       -1.1019917525
        0.3146292585       -1.0682521578
        0.3166332665       -1.0354034224
        0.3186372745       -1.0034189715
        0.3206412826       -0.9722734517
        0.3226452906       -0.9419425007
        0.3246492986       -0.9124025305
        0.3266533066       -0.8836305313
        0.3286573146       -0.8556039004
        0.3306613226       -0.8283003019
        0.3326653307       -0.8016975592
        0.3346693387       -0.7757735822
        0.3366733467       -0.7505063303
        0.3386773547       -0.7258738099
        0.3406813627       -0.7018541039
        0.3426853707       -0.6784254312
        0.3446893788       -0.6555662304
        0.3466933868       -0.6332552632
        0.3486973948       -0.6114717324
        0.3507014028       -0.5901954075
        0.3527054108       -0.5694067522
        0.3547094188       -0.5490870468
        0.3567134269       -0.5292185018
        0.3587174349       -0.5097843540
        0.3607214429       -0.4907689442
        0.3627254509       -0.4721577700
        0.3647294589       -0.4539375123
        0.3667334669       -0.4360960347
        0.3687374749       -0.4186223528
        0.3707414830       -0.4015065778
        0.3727454910       -0.3847398322
        0.3747494990       -0.3683141446
        0.3767535070       -0.3522223233
        0.3787575150       -0.3364578168
        0.3807615230       -0.3210145633
        0.3827655311       -0.3058868368
        0.3847695391       -0.2910690940
        0.3867735471       -0.2765558281
        0.3887775551       -0.2623414344
        0.3907815631       -0.2484200926
        0.3927855711       -0.2347856704
        0.3947895792       -0.2214316502
        0.3967935872       -0.2083510833
        0.3987975952       -0.1955365708
        0.4008016032       -0.1829802740
        0.4028056112       -0.1706739506
        0.4048096192       -0.1586090177
        0.4068136273       -0.1467766368
        0.4088176353       -0.1351678188
        0.4108216433       -0.1237735432
        0.4128256513       -0.1125848881
        0.4148296593       -0.1015931644
        0.4168336673       -0.0907900500
        0.4188376754       -0.0801677180
        0.4208416834       -0.0697189541
        0.4228456914       -0.0594372576
        0.4248496994       -0.0493169239
        0.4268537074       -0.0393531022
        0.4288577154       -0.0295418291
        0.4308617234       -0.0198800335
        0.4328657315       -0.0103655150
        0.4348697395       -0.0009968940
        0.4368737475        0.0082264637
        0.4388777555        0.0173045457
        0.4408817635        0.0262368119
        0.4428857715        0.0350223296
        0.4448897796        0.0436599202
        0.4468937876        0.0521483116
        0.4488977956        0.0604862932
        0.4509018036        0.0686728649
        0.4529058116        0.0767073781
        0.4549098196        0.0845896621
        0.4569138277        0.0923201313
        0.4589178357        0.0998998707
        0.4609218437        0.1073306962
        0.4629258517        0.1146151873
        0.4649298597        0.1217566913
        0.4669338677        0.1287592998
        0.4689378758        0.1356277967
        0.4709418838        0.1423675816
        0.4729458918        0.1489845696
        0.4749498998        0.1554850718
        0.4769539078        0.1618756608
        0.4789579158        0.1681630261
        0.4809619238        0.1743538235
        0.4829659319        0.1804545243
        0.4849699399        0.1864712707
        0.4869739479        0.1924097391
        0.4889779559        0.1982750203
        0.4909819639        0.2040715168
        0.4929859719        0.2098028627
        0.4949899800        0.2154718686
        0.4969939880        0.2210804925
        0.4989979960        0.2266298385
        0.5010020040        0.2321201821
        0.5030060120        0.2375510221
        0.5050100200        0.2429211567
        0.5070140281        0.2482287800
        0.5090180361        0.2534715980
        0.5110220441        0.2586469570
        0.5130260521        0.2637519819
        0.5150300601        0.2687837189
        0.5170340681        0.2737392780
        0.5190380762        0.2786159700
        0.5210420842        0.2834114333
        0.5230460922        0.2881237475
        0.5250501002        0.2927515286
        0.5270541082        0.2972940032
        0.5290581162        0.3017510602
        0.5310621242        0.3061232778
        0.5330661323        0.3104119247
        0.5350701403        0.3146189373
        0.5370741483        0.3187468732
        0.5390781563        0.3227988421
        0.5410821643        0.3267784190
        0.5430861723        0.3306895407
        0.5450901804        0.3345363911
        0.5470941884        0.3383232788
        0.5490981964        0.3420545118
        0.5511022044        0.3457342731
        0.5531062124        0.3493665026
        0.5551102204        0.3529547888
        0.5571142285        0.3565022742
        0.5591182365        0.3600115778
        0.5611222445        0.3634847367
        0.5631262525        0.3669231699
        0.5651302605        0.3703276634
        0.5671342685        0.3736983799
        0.5691382766        0.3770348888
        0.5711422846        0.3803362183
        0.5731462926        0.3836009265
        0.5751503006        0.3868271879
        0.5771543086        0.3900128933
        0.5791583166        0.3931557591
        0.5811623246        0.3962534409
        0.5831663327        0.3993036496
        0.5851703407        0.4023042626
        0.5871743487        0.4052534294
        0.5891783567        0.4081496650
        0.5911823647        0.4109919299
        0.5931863727        0.4137796928
        0.5951903808        0.4165129734
        0.5971943888        0.4191923653
        0.5991983968        0.4218190368
        0.6012024048        0.4243947106
        0.6032064128        0.4269216220
        0.6052104208        0.4294024590
        0.6072144289        0.4318402849
        0.6092184369        0.4342384461
        0.6112224449        0.4366004702
        0.6132264529        0.4389299561
        0.6152304609        0.4412304610
        0.6172344689        0.4435053881
        0.6192384770        0.4457578794
        0.6212424850        0.4479907166
        0.6232464930        0.4502062342
        0.6252505010        0.4524062483
        0.6272545090        0.4545920026
        0.6292585170        0.4567641341
        0.6312625251        0.4589226604
        0.6332665331        0.4610669878
        0.6352705411        0.4631959408
        0.6372745491        0.4653078118
        0.6392785571        0.4674004300
        0.6412825651        0.4694712451
        0.6432865731        0.4715174262
        0.6452905812        0.4735359692
        0.6472945892        0.4755238109
        0.6492985972        0.4774779462
        0.6513026052        0.4793955428
        0.6533066132        0.4812740503
        0.6553106212        0.4831113008
        0.6573146293        0.4849055960
        0.6593186373        0.4866557789
        0.6613226453        0.4883612868
        0.6633266533        0.4900221851
        0.6653306613        0.4916391791
        0.6673346693        0.4932136047
        0.6693386774        0.4947473974
        0.6713426854        0.4962430414
        0.6733466934        0.4977035002
        0.6753507014        0.4991321306
        0.6773547094        0.5005325839
        0.6793587174        0.5019086971
        0.6813627255        0.5032643781
        0.6833667335        0.5046034879
        0.6853707415        0.5059297254
        0.6873747495        0.5072465172
        0.6893787575        0.5085569169
        0.6913827655        0.5098635167
        0.6933867735        0.5111683754
        0.6953907816        0.5124729636
        0.6973947896        0.5137781287
        0.6993987976        0.5150840818
        0.7014028056        0.5163904048
        0.7034068136        0.5176960785
        0.7054108216        0.5189995318
        0.7074148297        0.5202987074
        0.7094188377        0.5215911445
        0.7114228457        0.5228740744
        0.7134268537        0.5241445247
        0.7154308617        0.5253994310
        0.7174348697        0.5266357496
        0.7194388778        0.5278505691
        0.7214428858        0.5290412162
        0.7234468938        0.5302053528
        0.7254509018        0.5313410598
        0.7274549098        0.5324469068
        0.7294589178        0.5335220034
        0.7314629259        0.5345660312
        0.7334669339        0.5355792565
        0.7354709419        0.5365625208
        0.7374749499        0.5375172128
        0.7394789579        0.5384452200
        0.7414829659        0.5393488634
        0.7434869739        0.5402308178
        0.7454909820        0.5410940188
        0.7474949900        0.5419415622
        0.7494989980        0.5427765970
        0.7515030060        0.5436022183
        0.7535070140        0.5444213612
        0.7555110220        0.5452367016
        0.7575150301        0.5460505661
        0.7595190381        0.5468648553
        0.7615230461        0.5476809813
        0.7635270541        0.5484998241
        0.7655310621        0.5493217063
        0.7675350701        0.5501463879
        0.7695390782        0.5509730813
        0.7715430862        0.5518004863
        0.7735470942        0.5526268426
        0.7755511022        0.5534499997
        0.7775551102        0.5542674997
        0.7795591182        0.5550766728
        0.7815631263        0.5558747384
        0.7835671343        0.5566589125
        0.7855711423        0.5574265134
        0.7875751503        0.5581750654
        0.7895791583        0.5589023947
        0.7915831663        0.5596067149
        0.7935871743        0.5602866986
        0.7955911824        0.5609415338
        0.7975951904        0.5615709607
        0.7995991984        0.5621752900
        0.8016032064        0.5627554009
        0.8036072144        0.5633127182
        0.8056112224        0.5638491707
        0.8076152305        0.5643671308
        0.8096192385        0.5648693389
        0.8116232465        0.5653588135
        0.8136272545        0.5658387517
        0.8156312625        0.5663124225
        0.8176352705        0.5667830569
        0.8196392786        0.5672537387
        0.8216432866        0.5677273000
        0.8236472946        0.5682062247
        0.8256513026        0.5686925628
        0.8276553106        0.5691878606
        0.8296593186        0.5696931062
        0.8316633267        0.5702086951
        0.8336673347        0.5707344155
        0.8356713427        0.5712694537
        0.8376753507        0.5718124204
        0.8396793587        0.5723613970
        0.8416833667        0.5729139992
        0.8436873747        0.5734674566
        0.8456913828        0.5740187058
        0.8476953908        0.5745644931
        0.8496993988        0.5751014837
        0.8517034068        0.5756263741
        0.8537074148        0.5761360028
        0.8557114228        0.5766274562
        0.8577154309        0.5770981668
        0.8597194389        0.5775459989
        0.8617234469        0.5779693201
        0.8637274549        0.5783670559
        0.8657314629        0.5787387256
        0.8677354709        0.5790844583
        0.8697394790        0.5794049888
        0.8717434870        0.5797016338
        0.8737474950        0.5799762488
        0.8757515030        0.5802311678
        0.8777555110        0.5804691283
        0.8797595190        0.5806931830
        0.8817635271        0.5809066030
        0.8837675351        0.5811127749
        0.8857715431        0.5813150949
        0.8877755511        0.5815168656
        0.8897795591        0.5817211959
        0.8917835671        0.5819309105
        0.8937875752        0.5821484695
        0.8957915832        0.5823759022
        0.8977955912        0.5826147564
        0.8997995992        0.5828660652
        0.9018036072        0.5831303312
        0.9038076152        0.5834075296
        0.9058116232        0.5836971282
        0.9078156313        0.5839981248
        0.9098196393        0.5843090990
        0.9118236473        0.5846282765
        0.9138276553        0.5849536042
        0.9158316633        0.5852828316
        0.9178356713        0.5856135969
        0.9198396794        0.5859435133
        0.9218436874        0.5862702533
        0.9238476954        0.5865916269
        0.9258517034        0.5869056522
        0.9278557114        0.5872106147
        0.9298597194        0.5875051143
        0.9318637275        0.5877880979
        0.9338677355        0.5880588773
        0.9358717435        0.5883171321
        0.9378757515        0.5885628966
        0.9398797595        0.5887965344
        0.9418837675        0.5890186990
        0.9438877756        0.5892302848
        0.9458917836        0.5894323697
        0.9478957916        0.5896261515
        0.9498997996        0.5898128826
        0.9519038076        0.5899938040
        0.9539078156        0.5901700827
        0.9559118236        0.5903427546
        0.9579158317        0.5905126759
        0.9599198397        0.5906804844
        0.9619238477        0.5908465727
        0.9639278557        0.5910110745
        0.9659318637        0.5911738646
        0.9679358717        0.5913345717
        0.9699398798        0.5914926053
        0.9719438878        0.5916471929
        0.9739478958        0.5917974286
        0.9759519038        0.5919423287
        0.9779559118        0.5920808937
        0.9799599198        0.5922121715
        0.9819639279        0.5923353225
        0.9839679359        0.5924496799
        0.9859719439        0.5925548047
        0.9879759519        0.5926505327
        0.9899799599        0.5927370096
        0.9919839679        0.5928147140
        0.9939879760        0.5928844663
        0.9959919840        0.5929474223
        0.9979959920        0.5930050514
        1.0000000000        0.5930591008
