        0.0000000000      -17.4363123627
        0.0020040080      -17.5107994605
        0.0040080160      -17.5807316202
        0.0060120240      -17.6460375823
        0.0080160321      -17.7066480131
        0.0100200401      -17.7624959521
        0.0120240481      -17.8135172863
        0.0140280561      -17.8596512439
        0.0160320641      -17.9008408982
        0.0180360721      -17.9370336722
        0.0200400802      -17.9681818334
        0.0220440882      -17.9942429694
        0.0240480962      -18.0151804326
        0.0260521042      -18.0309637445
        0.0280561122      -18.0415689507
        0.0300601202      -18.0469789178
        0.0320641283      -18.0471835645
        0.0340681363      -18.0421800217
        0.0360721443      -18.0319727164
        0.0380761523      -18.0165733778
        0.0400801603      -17.9960009637
        0.0420841683      -17.9702815087
        0.0440881764      -17.9394478972
        0.0460921844      -17.9035395649
        0.0480961924      -17.8626021357
        0.0501002004      -17.8166870015
        0.0521042084      -17.7658508525
        0.0541082164      -17.7101551696
        0.0561122244      -17.6496656885
        0.0581162325      -17.5844518453
        0.0601202405      -17.5145862168
        0.0621242485      -17.4401439650
        0.0641282565      -17.3612022957
        0.0661322645      -17.2778399427
        0.0681362725      -17.1901366848
        0.0701402806      -17.0981729040
        0.0721442886      -17.0020291905
        0.0741482966      -16.9017860008
        0.0761523046      -16.7975233712
        0.0781563126      -16.6893206886
        0.0801603206      -16.5772565205
        0.0821643287      -16.4614085019
        0.0841683367      -16.3418532776
        0.0861723447      -16.2186664974
        0.0881763527      -16.0919228586
        0.0901803607      -15.9616961923
        0.0921843687      -15.8280595881
        0.0941883768      -15.6910855502
        0.0961923848      -15.5508461811
        0.0981963928      -15.4074133859
        0.1002004008      -15.2608590920
        0.1022044088      -15.1112554804
        0.1042084168      -14.9586752228
        0.1062124248      -14.8031917215
        0.1082164329      -14.6448793495
        0.1102204409      -14.4838136878
        0.1122244489      -14.3200717577
        0.1142284569      -14.1537322490
        0.1162324649      -13.9848757413
        0.1182364729      -13.8135849198
        0.1202404810      -13.6399447845
        0.1222444890      -13.4640428537
        0.1242484970      -13.2859693619
        0.1262525050      -13.1058174513
        0.1282565130      -12.9236833568
        0.1302605210      -12.7396665841
        0.1322645291      -12.5538700780
        0.1342685371      -12.3664003800
        0.1362725451      -12.1773677716
        0.1382765531      -11.9868864002
        0.1402805611      -11.7950743826
        0.1422845691      -11.6020538830
        0.1442885772      -11.4079511590
        0.1462925852      -11.2128965702
        0.1482965932      -11.0170245453
        0.1503006012      -10.8204735010
        0.1523046092      -10.6233857086
        0.1543086172      -10.4259071035
        0.1563126253      -10.2281870344
        0.1583166333      -10.0303779487
        0.1603206413       -9.8326350147
        0.1623246493       -9.6351156780
        0.1643286573       -9.4379791555
        0.1663326653       -9.2413858696
        0.1683366733       -9.0454968270
        0.1703406814       -8.8504729479
        0.1723446894       -8.6564743544
        0.1743486974       -8.4636596270
        0.1763527054       -8.2721850380
        0.1783567134       -8.0822037761
        0.1803607214       -7.8938651711
        0.1823647295       -7.7073139342
        0.1843687375       -7.5226894242
        0.1863727455       -7.3401249538
        0.1883767535       -7.1597471472
        0.1903807615       -6.9816753603
        0.1923847695       -6.8060211737
        0.1943887776       -6.6328879667
        0.1963927856       -6.4623705796
        0.1983967936       -6.2945550686
        0.2004008016       -6.1295185568
        0.2024048096       -5.9673291818
        0.2044088176       -5.8080461387
        0.2064128257       -5.6517198143
        0.2084168337       -5.4983920077
        0.2104208417       -5.3480962299
        0.2124248497       -5.2008580717
        0.2144288577       -5.0566956325
        0.2164328657       -4.9156199944
        0.2184368737       -4.7776357331
        0.2204408818       -4.6427414496
        0.2224448898       -4.5109303124
        0.2244488978       -4.3821905961
        0.2264529058       -4.2565062056
        0.2284569138       -4.1338571738
        0.2304609218       -4.0142201257
        0.2324649299       -3.8975686985
        0.2344689379       -3.7838739126
        0.2364729459       -3.6731044906
        0.2384769539       -3.5652271188
        0.2404809619       -3.4602066546
        0.2424849699       -3.3580062787
        0.2444889780       -3.2585875969
        0.2464929860       -3.1619106961
        0.2484969940       -3.0679341614
        0.2505010020       -2.9766150615
        0.2525050100       -2.8879089116
        0.2545090180       -2.8017696217
        0.2565130261       -2.7181494415
        0.2585170341       -2.6369989086
        0.2605210421       -2.5582668107
        0.2625250501       -2.4819001682
        0.2645290581       -2.4078442454
        0.2665330661       -2.3360425943
        0.2685370741       -2.2664371363
        0.2705410822       -2.1989682837
        0.2725450902       -2.1335751016
        0.2745490982       -2.0701955100
        0.2765531062       -2.0087665228
        0.2785571142       -1.9492245202
        0.2805611222       -1.8915055486
        0.2825651303       -1.8355456420
        0.2845691383       -1.7812811566
        0.2865731463       -1.7286491110
        0.2885771543       -1.6775875233
        0.2905811623       -1.6280357361
        0.2925851703       -1.5799347220
        0.2945891784       -1.5332273607
        0.2965931864       -1.4878586814
        0.2985971944       -1.4437760643
        0.3006012024       -1.4009293968
        0.3026052104       -1.3592711811
        0.3046092184       -1.3187565904
        0.3066132265       -1.2793434758
        0.3086172345       -1.2409923229
        0.3106212425       -1.2036661624
        0.3126252505       -1.1673304387
        0.3146292585       -1.1319528414
        0.3166332665       -1.0975031077
        0.3186372745       -1.0639528010
        0.3206412826       -1.0312750753
        0.3226452906       -0.9994444329
        0.3246492986       -0.9684364831
        0.3266533066       -0.9382277109
        0.3286573146       -0.9087952610
        0.3306613226       -0.8801167458
        0.3326653307       -0.8521700816
        0.3346693387       -0.8249333566
        0.3366733467       -0.7983847356
        0.3386773547       -0.7725024014
        0.3406813627       -0.7472645328
        0.3426853707       -0.7226493201
        0.3446893788       -0.6986350128
        0.3466933868       -0.6751999978
        0.3486973948       -0.6523229019
        0.3507014028       -0.6299827144
        0.3527054108       -0.6081589221
        0.3547094188       -0.5868316506
        0.3567134269       -0.5659818060
        0.3587174349       -0.5455912084
        0.3607214429       -0.5256427132
        0.3627254509       -0.5061203130
        0.3647294589       -0.4870092151
        0.3667334669       -0.4682958928
        0.3687374749       -0.4499681047
        0.3707414830       -0.4320148835
        0.3727454910       -0.4144264914
        0.3747494990       -0.3971943451
        0.3767535070       -0.3803109119
        0.3787575150       -0.3637695793
        0.3807615230       -0.3475645042
        0.3827655311       -0.3316904453
        0.3847695391       -0.3161425853
        0.3867735471       -0.3009163486
        0.3887775551       -0.2860072213
        0.3907815631       -0.2714105793
        0.3927855711       -0.2571215310
        0.3947895792       -0.2431347793
        0.3967935872       -0.2294445088
        0.3987975952       -0.2160443008
        0.4008016032       -0.2029270800
        0.4028056112       -0.1900850939
        0.4048096192       -0.1775099257
        0.4068136273       -0.1651925405
        0.4088176353       -0.1531233615
        0.4108216433       -0.1412923749
        0.4128256513       -0.1296892587
        0.4148296593       -0.1183035306
        0.4168336673       -0.1071247091
        0.4188376754       -0.0961424835
        0.4208416834       -0.0853468837
        0.4228456914       -0.0747284468
        0.4248496994       -0.0642783718
        0.4268537074       -0.0539886576
        0.4288577154       -0.0438522205
        0.4308617234       -0.0338629842
        0.4328657315       -0.0240159414
        0.4348697395       -0.0143071841
        0.4368737475       -0.0047338997
        0.4388777555        0.0047056642
        0.4408817635        0.0140122677
        0.4428857715        0.0231857753
        0.4448897796        0.0322252796
        0.4468937876        0.0411292461
        0.4488977956        0.0498956755
        0.4509018036        0.0585222774
        0.4529058116        0.0670066501
        0.4549098196        0.0753464592
        0.4569138277        0.0835396105
        0.4589178357        0.0915844103
        0.4609218437        0.0994797086
        0.4629258517        0.1072250200
        0.4649298597        0.1148206184
        0.4669338677        0.1222676034
        0.4689378758        0.1295679355
        0.4709418838        0.1367244396
        0.4729458918        0.1437407775
        0.4749498998        0.1506213900
        0.4769539078        0.1573714120
        0.4789579158        0.1639965625
        0.4809619238        0.1705030150
        0.4829659319        0.1768972522
        0.4849699399        0.1831859109
        0.4869739479        0.1893756214
        0.4889779559        0.1954728489
        0.4909819639        0.2014837409
        0.4929859719        0.2074139860
        0.4949899800        0.2132686902
        0.4969939880        0.2190522726
        0.4989979960        0.2247683859
        0.5010020040        0.2304198630
        0.5030060120        0.2360086914
        0.5050100200        0.2415360165
        0.5070140281        0.2470021717
        0.5090180361        0.2524067363
        0.5110220441        0.2577486167
        0.5130260521        0.2630261481
        0.5150300601        0.2682372140
        0.5170340681        0.2733793775
        0.5190380762        0.2784500212
        0.5210420842        0.2834464887
        0.5230460922        0.2883662246
        0.5250501002        0.2932069072
        0.5270541082        0.2979665695
        0.5290581162        0.3026437042
        0.5310621242        0.3072373496
        0.5330661323        0.3117471538
        0.5350701403        0.3161734148
        0.5370741483        0.3205170959
        0.5390781563        0.3247798163
        0.5410821643        0.3289638172
        0.5430861723        0.3330719060
        0.5450901804        0.3371073797
        0.5470941884        0.3410739314
        0.5490981964        0.3449755442
        0.5511022044        0.3488163748
        0.5531062124        0.3526006326
        0.5551102204        0.3563324585
        0.5571142285        0.3600158069
        0.5591182365        0.3636543368
        0.5611222445        0.3672513137
        0.5631262525        0.3708095280
        0.5651302605        0.3743312305
        0.5671342685        0.3778180881
        0.5691382766        0.3812711616
        0.5711422846        0.3846909045
        0.5731462926        0.3880771842
        0.5751503006        0.3914293231
        0.5771543086        0.3947461588
        0.5791583166        0.3980261208
        0.5811623246        0.4012673201
        0.5831663327        0.4044676485
        0.5851703407        0.4076248849
        0.5871743487        0.4107368030
        0.5891783567        0.4138012772
        0.5911823647        0.4168163836
        0.5931863727        0.4197804911
        0.5951903808        0.4226923404
        0.5971943888        0.4255511085
        0.5991983968        0.4283564547
        0.6012024048        0.4311085497
        0.6032064128        0.4338080834
        0.6052104208        0.4364562551
        0.6072144289        0.4390547431
        0.6092184369        0.4416056582
        0.6112224449        0.4441114805
        0.6132264529        0.4465749842
        0.6152304609        0.4489991512
        0.6172344689        0.4513870786
        0.6192384770        0.4537418819
        0.6212424850        0.4560665992
        0.6232464930        0.4583640984
        0.6252505010        0.4606369913
        0.6272545090        0.4628875581
        0.6292585170        0.4651176841
        0.6312625251        0.4673288112
        0.6332665331        0.4695219057
        0.6352705411        0.4716974437
        0.6372745491        0.4738554142
        0.6392785571        0.4759953387
        0.6412825651        0.4781163086
        0.6432865731        0.4802170365
        0.6452905812        0.4822959211
        0.6472945892        0.4843511217
        0.6492985972        0.4863806417
        0.6513026052        0.4883824153
        0.6533066132        0.4903543964
        0.6553106212        0.4922946453
        0.6573146293        0.4942014110
        0.6593186373        0.4960732051
        0.6613226453        0.4979088653
        0.6633266533        0.4997076071
        0.6653306613        0.5014690603
        0.6673346693        0.5031932906
        0.6693386774        0.5048808047
        0.6713426854        0.5065325400
        0.6733466934        0.5081498382
        0.6753507014        0.5097344046
        0.6773547094        0.5112882546
        0.6793587174        0.5128136498
        0.6813627255        0.5143130250
        0.6833667335        0.5157889105
        0.6853707415        0.5172438503
        0.6873747495        0.5186803223
        0.6893787575        0.5201006596
        0.6913827655        0.5215069789
        0.6933867735        0.5229011167
        0.6953907816        0.5242845761
        0.6973947896        0.5256584861
        0.6993987976        0.5270235745
        0.7014028056        0.5283801553
        0.7034068136        0.5297281309
        0.7054108216        0.5310670092
        0.7074148297        0.5323959345
        0.7094188377        0.5337137313
        0.7114228457        0.5350189588
        0.7134268537        0.5363099748
        0.7154308617        0.5375850060
        0.7174348697        0.5388422230
        0.7194388778        0.5400798160
        0.7214428858        0.5412960700
        0.7234468938        0.5424894355
        0.7254509018        0.5436585934
        0.7274549098        0.5448025105
        0.7294589178        0.5459204855
        0.7314629259        0.5470121820
        0.7334669339        0.5480776486
        0.7354709419        0.5491173253
        0.7374749499        0.5501320356
        0.7394789579        0.5511229654
        0.7414829659        0.5520916282
        0.7434869739        0.5530398196
        0.7454909820        0.5539695611
        0.7474949900        0.5548830365
        0.7494989980        0.5557825217
        0.7515030060        0.5566703122
        0.7535070140        0.5575486486
        0.7555110220        0.5584196452
        0.7575150301        0.5592852211
        0.7595190381        0.5601470395
        0.7615230461        0.5610064545
        0.7635270541        0.5618644681
        0.7655310621        0.5627217003
        0.7675350701        0.5635783701
        0.7695390782        0.5644342914
        0.7715430862        0.5652888819
        0.7735470942        0.5661411849
        0.7755511022        0.5669899036
        0.7775551102        0.5678334471
        0.7795591182        0.5686699858
        0.7815631263        0.5694975145
        0.7835671343        0.5703139218
        0.7855711423        0.5711170625
        0.7875751503        0.5719048314
        0.7895791583        0.5726752364
        0.7915831663        0.5734264669
        0.7935871743        0.5741569574
        0.7955911824        0.5748654433
        0.7975951904        0.5755510061
        0.7995991984        0.5762131097
        0.8016032064        0.5768516222
        0.8036072144        0.5774668275
        0.8056112224        0.5780594221
        0.8076152305        0.5786305001
        0.8096192385        0.5791815256
        0.8116232465        0.5797142943
        0.8136272545        0.5802308839
        0.8156312625        0.5807335977
        0.8176352705        0.5812249000
        0.8196392786        0.5817073477
        0.8216432866        0.5821835193
        0.8236472946        0.5826559434
        0.8256513026        0.5831270292
        0.8276553106        0.5835990006
        0.8296593186        0.5840738365
        0.8316633267        0.5845532186
        0.8336673347        0.5850384878
        0.8356713427        0.5855306117
        0.8376753507        0.5860301622
        0.8396793587        0.5865373055
        0.8416833667        0.5870518029
        0.8436873747        0.5875730241
        0.8456913828        0.5880999705
        0.8476953908        0.5886313095
        0.8496993988        0.5891654166
        0.8517034068        0.5897004260
        0.8537074148        0.5902342863
        0.8557114228        0.5907648210
        0.8577154309        0.5912897911
        0.8597194389        0.5918069577
        0.8617234469        0.5923141437
        0.8637274549        0.5928092926
        0.8657314629        0.5932905219
        0.8677354709        0.5937561710
        0.8697394790        0.5942048410
        0.8717434870        0.5946354273
        0.8737474950        0.5950471419
        0.8757515030        0.5954395273
        0.8777555110        0.5958124605
        0.8797595190        0.5961661476
        0.8817635271        0.5965011099
        0.8837675351        0.5968181613
        0.8857715431        0.5971183794
        0.8877755511        0.5974030696
        0.8897795591        0.5976737245
        0.8917835671        0.5979319804
        0.8937875752        0.5981795715
        0.8957915832        0.5984182828
        0.8977955912        0.5986499046
        0.8997995992        0.5988761890
        0.9018036072        0.5990988090
        0.9038076152        0.5993193224
        0.9058116232        0.5995391410
        0.9078156313        0.5997595050
        0.9098196393        0.5999814644
        0.9118236473        0.6002058663
        0.9138276553        0.6004333489
        0.9158316633        0.6006643420
        0.9178356713        0.6008990730
        0.9198396794        0.6011375785
        0.9218436874        0.6013797204
        0.9238476954        0.6016252058
        0.9258517034        0.6018736098
        0.9278557114        0.6021244000
        0.9298597194        0.6023769621
        0.9318637275        0.6026306252
        0.9338677355        0.6028846868
        0.9358717435        0.6031384350
        0.9378757515        0.6033911693
        0.9398797595        0.6036422182
        0.9418837675        0.6038909528
        0.9438877756        0.6041367975
        0.9458917836        0.6043792367
        0.9478957916        0.6046178184
        0.9498997996        0.6048521533
        0.9519038076        0.6050819122
        0.9539078156        0.6053068204
        0.9559118236        0.6055266497
        0.9579158317        0.6057412102
        0.9599198397        0.6059503404
        0.9619238477        0.6061538984
        0.9639278557        0.6063517530
        0.9659318637        0.6065437768
        0.9679358717        0.6067298409
        0.9699398798        0.6069098120
        0.9719438878        0.6070835518
        0.9739478958        0.6072509196
        0.9759519038        0.6074117771
        0.9779559118        0.6075659962
        0.9799599198        0.6077134687
        0.9819639279        0.6078541183
        0.9839679359        0.6079879133
        0.9859719439        0.6081148805
        0.9879759519        0.6082351186
        0.9899799599        0.6083488112
        0.9919839679        0.6084562377
        0.9939879760        0.6085577822
        0.9959919840        0.6086539394
        0.9979959920        0.6087453164
        1.0000000000        0.6088326313
