        0.0000000000       -9.7255866170
        0.0020040080       -9.5303877687
        0.0040080160       -9.3356805557
        0.0060120240       -9.1416209190
        0.0080160321       -8.9483644766
        0.0100200401       -8.7560658641
        0.0120240481       -8.5648780590
        0.0140280561       -8.3749516948
        0.0160320641       -8.1864343758
        0.0180360721       -7.9994700013
        0.0200400802       -7.8141981089
        0.0220440882       -7.6307532460
        0.0240480962       -7.4492643794
        0.0260521042       -7.2698543502
        0.0280561122       -7.0926393832
        0.0300601202       -6.9177286568
        0.0320641283       -6.7452239388
        0.0340681363       -6.5752192943
        0.0360721443       -6.4078008662
        0.0380761523       -6.2430467333
        0.0400801603       -6.0810268429
        0.0420841683       -5.9218030195
        0.0440881764       -5.7654290450
        0.0460921844       -5.6119508077
        0.0480961924       -5.4614065143
        0.0501002004       -5.3138269577
        0.0521042084       -5.1692358348
        0.0541082164       -5.0276501054
        0.0561122244       -4.8890803826
        0.0581162325       -4.7535313476
        0.0601202405       -4.6210021784
        0.0621242485       -4.4914869835
        0.0641282565       -4.3649752329
        0.0661322645       -4.2414521776
        0.0681362725       -4.1208992506
        0.0701402806       -4.0032944435
        0.0721442886       -3.8886126526
        0.0741482966       -3.7768259915
        0.0761523046       -3.6679040671
        0.0781563126       -3.5618142172
        0.0801603206       -3.4585217103
        0.0821643287       -3.3579899078
        0.0841683367       -3.2601803913
        0.0861723447       -3.1650530593
        0.0881763527       -3.0725661948
        0.0901803607       -2.9826765122
        0.0921843687       -2.8953391862
        0.0941883768       -2.8105078697
        0.0961923848       -2.7281347069
        0.0981963928       -2.6481703469
        0.1002004008       -2.5705639635
        0.1022044088       -2.4952632866
        0.1042084168       -2.4222146499
        0.1062124248       -2.3513630576
        0.1082164329       -2.2826522745
        0.1102204409       -2.2160249396
        0.1122244489       -2.1514227058
        0.1142284569       -2.0887864040
        0.1162324649       -2.0280562306
        0.1182364729       -1.9691719571
        0.1202404810       -1.9120731575
        0.1222444890       -1.8566994496
        0.1242484970       -1.8029907465
        0.1262525050       -1.7508875122
        0.1282565130       -1.7003310167
        0.1302605210       -1.6512635839
        0.1322645291       -1.6036288289
        0.1342685371       -1.5573718764
        0.1362725451       -1.5124395593
        0.1382765531       -1.4687805889
        0.1402805611       -1.4263456973
        0.1422845691       -1.3850877458
        0.1442885772       -1.3449618006
        0.1462925852       -1.3059251722
        0.1482965932       -1.2679374203
        0.1503006012       -1.2309603257
        0.1523046092       -1.1949578296
        0.1543086172       -1.1598959440
        0.1563126253       -1.1257426385
        0.1583166333       -1.0924677044
        0.1603206413       -1.0600426039
        0.1623246493       -1.0284403087
        0.1643286573       -0.9976351321
        0.1663326653       -0.9676025610
        0.1683366733       -0.9383190934
        0.1703406814       -0.9097620840
        0.1723446894       -0.8819096046
        0.1743486974       -0.8547403210
        0.1763527054       -0.8282333903
        0.1783567134       -0.8023683805
        0.1803607214       -0.7771252129
        0.1823647295       -0.7524841289
        0.1843687375       -0.7284256790
        0.1863727455       -0.7049307346
        0.1883767535       -0.6819805180
        0.1903807615       -0.6595566500
        0.1923847695       -0.6376412105
        0.1943887776       -0.6162168083
        0.1963927856       -0.5952666566
        0.1983967936       -0.5747746488
        0.2004008016       -0.5547254323
        0.2024048096       -0.5351044736
        0.2044088176       -0.5158981143
        0.2064128257       -0.4970936115
        0.2084168337       -0.4786791624
        0.2104208417       -0.4606439099
        0.2124248497       -0.4429779281
        0.2144288577       -0.4256721882
        0.2164328657       -0.4087185040
        0.2184368737       -0.3921094584
        0.2204408818       -0.3758383136
        0.2224448898       -0.3598989066
        0.2244488978       -0.3442855339
        0.2264529058       -0.3289928282
        0.2284569138       -0.3140156315
        0.2304609218       -0.2993488695
        0.2324649299       -0.2849874294
        0.2344689379       -0.2709260469
        0.2364729459       -0.2571592061
        0.2384769539       -0.2436810543
        0.2404809619       -0.2304853359
        0.2424849699       -0.2175653472
        0.2444889780       -0.2049139136
        0.2464929860       -0.1925233893
        0.2484969940       -0.1803856811
        0.2505010020       -0.1684922935
        0.2525050100       -0.1568343951
        0.2545090180       -0.1454029026
        0.2565130261       -0.1341885809
        0.2585170341       -0.1231821545
        0.2605210421       -0.1123744266
        0.2625250501       -0.1017564028
        0.2645290581       -0.0913194129
        0.2665330661       -0.0810552290
        0.2685370741       -0.0709561731
        0.2705410822       -0.0610152129
        0.2725450902       -0.0512260407
        0.2745490982       -0.0415831327
        0.2765531062       -0.0320817874
        0.2785571142       -0.0227181410
        0.2805611222       -0.0134891585
        0.2825651303       -0.0043926030
        0.2845691383        0.0045730197
        0.2865731463        0.0134085349
        0.2885771543        0.0221141929
        0.2905811623        0.0306897772
        0.2925851703        0.0391347245
        0.2945891784        0.0474482524
        0.2965931864        0.0556294901
        0.2985971944        0.0636776083
        0.3006012024        0.0715919442
        0.3026052104        0.0793721154
        0.3046092184        0.0870181226
        0.3066132265        0.0945304333
        0.3086172345        0.1019100478
        0.3106212425        0.1091585424
        0.3126252505        0.1162780900
        0.3146292585        0.1232714573
        0.3166332665        0.1301419785
        0.3186372745        0.1368935063
        0.3206412826        0.1435303436
        0.3226452906        0.1500571558
        0.3246492986        0.1564788700
        0.3266533066        0.1628005616
        0.3286573146        0.1690273349
        0.3306613226        0.1751642003
        0.3326653307        0.1812159536
        0.3346693387        0.1871870609
        0.3366733467        0.1930815535
        0.3386773547        0.1989029371
        0.3406813627        0.2046541174
        0.3426853707        0.2103373458
        0.3446893788        0.2159541870
        0.3466933868        0.2215055095
        0.3486973948        0.2269914990
        0.3507014028        0.2324116959
        0.3527054108        0.2377650537
        0.3547094188        0.2430500180
        0.3567134269        0.2482646223
        0.3587174349        0.2534065981
        0.3607214429        0.2584734953
        0.3627254509        0.2634628088
        0.3647294589        0.2683721071
        0.3667334669        0.2731991578
        0.3687374749        0.2779420472
        0.3707414830        0.2825992879
        0.3727454910        0.2871699129
        0.3747494990        0.2916535506
        0.3767535070        0.2960504798
        0.3787575150        0.3003616629
        0.3807615230        0.3045887539
        0.3827655311        0.3087340837
        0.3847695391        0.3128006216
        0.3867735471        0.3167919139
        0.3887775551        0.3207120028
        0.3907815631        0.3245653275
        0.3927855711        0.3283566112
        0.3947895792        0.3320907374
        0.3967935872        0.3357726197
        0.3987975952        0.3394070703
        0.4008016032        0.3429986703
        0.4028056112        0.3465516472
        0.4048096192        0.3500697629
        0.4068136273        0.3535562175
        0.4088176353        0.3570135693
        0.4108216433        0.3604436774
        0.4128256513        0.3638476654
        0.4148296593        0.3672259095
        0.4168336673        0.3705780509
        0.4188376754        0.3739030318
        0.4208416834        0.3771991540
        0.4228456914        0.3804641581
        0.4248496994        0.3836953212
        0.4268537074        0.3868895682
        0.4288577154        0.3900435957
        0.4308617234        0.3931540014
        0.4328657315        0.3962174174
        0.4348697395        0.3992306405
        0.4368737475        0.4021907575
        0.4388777555        0.4050952600
        0.4408817635        0.4079421450
        0.4428857715        0.4107299987
        0.4448897796        0.4134580606
        0.4468937876        0.4161262650
        0.4488977956        0.4187352599
        0.4509018036        0.4212864025
        0.4529058116        0.4237817300
        0.4549098196        0.4262239098
        0.4569138277        0.4286161674
        0.4589178357        0.4309621975
        0.4609218437        0.4332660588
        0.4629258517        0.4355320582
        0.4649298597        0.4377646268
        0.4669338677        0.4399681920
        0.4689378758        0.4421470508
        0.4709418838        0.4443052474
        0.4729458918        0.4464464592
        0.4749498998        0.4485738964
        0.4769539078        0.4506902151
        0.4789579158        0.4527974507
        0.4809619238        0.4548969700
        0.4829659319        0.4569894461
        0.4849699399        0.4590748545
        0.4869739479        0.4611524924
        0.4889779559        0.4632210186
        0.4909819639        0.4652785137
        0.4929859719        0.4673225579
        0.4949899800        0.4693503236
        0.4969939880        0.4713586799
        0.4989979960        0.4733443056
        0.5010020040        0.4753038063
        0.5030060120        0.4772338323
        0.5050100200        0.4791311936
        0.5070140281        0.4809929677
        0.5090180361        0.4828165968
        0.5110220441        0.4845999723
        0.5130260521        0.4863415031
        0.5150300601        0.4880401659
        0.5170340681        0.4896955365
        0.5190380762        0.4913078007
        0.5210420842        0.4928777458
        0.5230460922        0.4944067319
        0.5250501002        0.4958966460
        0.5270541082        0.4973498388
        0.5290581162        0.4987690480
        0.5310621242        0.5001573104
        0.5330661323        0.5015178660
        0.5350701403        0.5028540569
        0.5370741483        0.5041692255
        0.5390781563        0.5054666138
        0.5410821643        0.5067492694
        0.5430861723        0.5080199590
        0.5450901804        0.5092810934
        0.5470941884        0.5105346659
        0.5490981964        0.5117822062
        0.5511022044        0.5130247511
        0.5531062124        0.5142628317
        0.5551102204        0.5154964791
        0.5571142285        0.5167252463
        0.5591182365        0.5179482463
        0.5611222445        0.5191642043
        0.5631262525        0.5203715224
        0.5651302605        0.5215683544
        0.5671342685        0.5227526870
        0.5691382766        0.5239224264
        0.5711422846        0.5250754854
        0.5731462926        0.5262098688
        0.5751503006        0.5273237545
        0.5771543086        0.5284155676
        0.5791583166        0.5294840436
        0.5811623246        0.5305282811
        0.5831663327        0.5315477805
        0.5851703407        0.5325424679
        0.5871743487        0.5335127046
        0.5891783567        0.5344592806
        0.5911823647        0.5353833933
        0.5931863727        0.5362866126
        0.5951903808        0.5371708326
        0.5971943888        0.5380382127
        0.5991983968        0.5388911103
        0.6012024048        0.5397320061
        0.6032064128        0.5405634258
        0.6052104208        0.5413878609
        0.6072144289        0.5422076896
        0.6092184369        0.5430251031
        0.6112224449        0.5438420368
        0.6132264529        0.5446601103
        0.6152304609        0.5454805781
        0.6172344689        0.5463042914
        0.6192384770        0.5471316729
        0.6212424850        0.5479627053
        0.6232464930        0.5487969334
        0.6252505010        0.5496334794
        0.6272545090        0.5504710714
        0.6292585170        0.5513080835
        0.6312625251        0.5521425861
        0.6332665331        0.5529724054
        0.6352705411        0.5537951890
        0.6372745491        0.5546084766
        0.6392785571        0.5554097727
        0.6412825651        0.5561966196
        0.6432865731        0.5569666683
        0.6452905812        0.5577177452
        0.6472945892        0.5584479129
        0.6492985972        0.5591555228
        0.6513026052        0.5598392589
        0.6533066132        0.5604981708
        0.6553106212        0.5611316965
        0.6573146293        0.5617396731
        0.6593186373        0.5623223360
        0.6613226453        0.5628803074
        0.6633266533        0.5634145741
        0.6653306613        0.5639264559
        0.6673346693        0.5644175651
        0.6693386774        0.5648897600
        0.6713426854        0.5653450925
        0.6733466934        0.5657857518
        0.6753507014        0.5662140072
        0.6773547094        0.5666321498
        0.6793587174        0.5670424363
        0.6813627255        0.5674470355
        0.6833667335        0.5678479802
        0.6853707415        0.5682471234
        0.6873747495        0.5686461030
        0.6893787575        0.5690463129
        0.6913827655        0.5694488823
        0.6933867735        0.5698546637
        0.6953907816        0.5702642290
        0.6973947896        0.5706778733
        0.6993987976        0.5710956266
        0.7014028056        0.5715172721
        0.7034068136        0.5719423701
        0.7054108216        0.5723702877
        0.7074148297        0.5728002311
        0.7094188377        0.5732312812
        0.7114228457        0.5736624307
        0.7134268537        0.5740926207
        0.7154308617        0.5745207771
        0.7174348697        0.5749458447
        0.7194388778        0.5753668182
        0.7214428858        0.5757827700
        0.7234468938        0.5761928735
        0.7254509018        0.5765964211
        0.7274549098        0.5769928380
        0.7294589178        0.5773816902
        0.7314629259        0.5777626874
        0.7334669339        0.5781356813
        0.7354709419        0.5785006589
        0.7374749499        0.5788577324
        0.7394789579        0.5792071244
        0.7414829659        0.5795491517
        0.7434869739        0.5798842059
        0.7454909820        0.5802127332
        0.7474949900        0.5805352131
        0.7494989980        0.5808521381
        0.7515030060        0.5811639931
        0.7535070140        0.5814712372
        0.7555110220        0.5817742866
        0.7575150301        0.5820735013
        0.7595190381        0.5823691731
        0.7615230461        0.5826615176
        0.7635270541        0.5829506695
        0.7655310621        0.5832366805
        0.7675350701        0.5835195211
        0.7695390782        0.5837990851
        0.7715430862        0.5840751965
        0.7735470942        0.5843476198
        0.7755511022        0.5846160712
        0.7775551102        0.5848802325
        0.7795591182        0.5851397647
        0.7815631263        0.5853943238
        0.7835671343        0.5856435752
        0.7855711423        0.5858872088
        0.7875751503        0.5861249522
        0.7895791583        0.5863565835
        0.7915831663        0.5865819420
        0.7935871743        0.5868009361
        0.7955911824        0.5870135506
        0.7975951904        0.5872198497
        0.7995991984        0.5874199785
        0.8016032064        0.5876141617
        0.8036072144        0.5878026993
        0.8056112224        0.5879859604
        0.8076152305        0.5881643741
        0.8096192385        0.5883384194
        0.8116232465        0.5885086122
        0.8136272545        0.5886754918
        0.8156312625        0.5888396067
        0.8176352705        0.5890014991
        0.8196392786        0.5891616900
        0.8216432866        0.5893206649
        0.8236472946        0.5894788602
        0.8256513026        0.5896366506
        0.8276553106        0.5897943391
        0.8296593186        0.5899521483
        0.8316633267        0.5901102144
        0.8336673347        0.5902685841
        0.8356713427        0.5904272140
        0.8376753507        0.5905859724
        0.8396793587        0.5907446451
        0.8416833667        0.5909029427
        0.8436873747        0.5910605112
        0.8456913828        0.5912169445
        0.8476953908        0.5913717992
        0.8496993988        0.5915246106
        0.8517034068        0.5916749099
        0.8537074148        0.5918222416
        0.8557114228        0.5919661815
        0.8577154309        0.5921063533
        0.8597194389        0.5922424448
        0.8617234469        0.5923742218
        0.8637274549        0.5925015399
        0.8657314629        0.5926243536
        0.8677354709        0.5927427227
        0.8697394790        0.5928568145
        0.8717434870        0.5929669031
        0.8737474950        0.5930733647
        0.8757515030        0.5931766695
        0.8777555110        0.5932773696
        0.8797595190        0.5933760841
        0.8817635271        0.5934734811
        0.8837675351        0.5935702574
        0.8857715431        0.5936671165
        0.8877755511        0.5937647452
        0.8897795591        0.5938637900
        0.8917835671        0.5939648338
        0.8937875752        0.5940683736
        0.8957915832        0.5941748006
        0.8977955912        0.5942843824
        0.8997995992        0.5943972484
        0.9018036072        0.5945133799
        0.9038076152        0.5946326041
        0.9058116232        0.5947545921
        0.9078156313        0.5948788636
        0.9098196393        0.5950047946
        0.9118236473        0.5951316313
        0.9138276553        0.5952585082
        0.9158316633        0.5953844701
        0.9178356713        0.5955084977
        0.9198396794        0.5956295362
        0.9218436874        0.5957465258
        0.9238476954        0.5958584330
        0.9258517034        0.5959642824
        0.9278557114        0.5960631867
        0.9298597194        0.5961543756
        0.9318637275        0.5962372209
        0.9338677355        0.5963112587
        0.9358717435        0.5963762056
        0.9378757515        0.5964319709
        0.9398797595        0.5964786620
        0.9418837675        0.5965165843
        0.9438877756        0.5965462346
        0.9458917836        0.5965682883
        0.9478957916        0.5965835813
        0.9498997996        0.5965930859
        0.9519038076        0.5965978830
        0.9539078156        0.5965991295
        0.9559118236        0.5965980245
        0.9579158317        0.5965957728
        0.9599198397        0.5965935483
        0.9619238477        0.5965924592
        0.9639278557        0.5965935143
        0.9659318637        0.5965975929
        0.9679358717        0.5966054200
        0.9699398798        0.5966175456
        0.9719438878        0.5966343307
        0.9739478958        0.5966559404
        0.9759519038        0.5966823432
        0.9779559118        0.5967133181
        0.9799599198        0.5967484679
        0.9819639279        0.5967872398
        0.9839679359        0.5968289516
        0.9859719439        0.5968728220
        0.9879759519        0.5969180062
        0.9899799599        0.5969636331
        0.9919839679        0.5970088438
        0.9939879760        0.5970528306
        0.9959919840        0.5970948735
        0.9979959920        0.5971343743
        1.0000000000        0.5971708857
