        0.0000000000      -17.4426624996
        0.0020040080      -17.5179947391
        0.0040080160      -17.5886782534
        0.0060120240      -17.6546391894
        0.0080160321      -17.7158057630
        0.0100200401      -17.7721087331
        0.0120240481      -17.8234819034
        0.0140280561      -17.8698626412
        0.0160320641      -17.9111924067
        0.0180360721      -17.9474172800
        0.0200400802      -17.9784884759
        0.0220440882      -18.0043628360
        0.0240480962      -18.0250032870
        0.0260521042      -18.0403792543
        0.0280561122      -18.0504670214
        0.0300601202      -18.0552500273
        0.0320641283      -18.0547190925
        0.0340681363      -18.0488725702
        0.0360721443      -18.0377164161
        0.0380761523      -18.0212641756
        0.0400801603      -17.9995368884
        0.0420841683      -17.9725629106
        0.0440881764      -17.9403776584
        0.0460921844      -17.9030232789
        0.0480961924      -17.8605482539
        0.0501002004      -17.8130069462
        0.0521042084      -17.7604590969
        0.0541082164      -17.7029692846
        0.0561122244      -17.6406063581
        0.0581162325      -17.5734428538
        0.0601202405      -17.5015544096
        0.0621242485      -17.4250191863
        0.0641282565      -17.3439173078
        0.0661322645      -17.2583303306
        0.0681362725      -17.1683407496
        0.0701402806      -17.0740315504
        0.0721442886      -16.9754858127
        0.0741482966      -16.8727863699
        0.0761523046      -16.7660155285
        0.0781563126      -16.6552548480
        0.0801603206      -16.5405849832
        0.0821643287      -16.4220855853
        0.0841683367      -16.2998352608
        0.0861723447      -16.1739115841
        0.0881763527      -16.0443911591
        0.0901803607      -15.9113497246
        0.0921843687      -15.7748622972
        0.0941883768      -15.6350033471
        0.0961923848      -15.4918469995
        0.0981963928      -15.3454672557
        0.1002004008      -15.1959382300
        0.1022044088      -15.0433343959
        0.1042084168      -14.8877308378
        0.1062124248      -14.7292035047
        0.1082164329      -14.5678294633
        0.1102204409      -14.4036871476
        0.1122244489      -14.2368566039
        0.1142284569      -14.0674197307
        0.1162324649      -13.8954605115
        0.1182364729      -13.7210652427
        0.1202404810      -13.5443227542
        0.1222444890      -13.3653246241
        0.1242484970      -13.1841653874
        0.1262525050      -13.0009427375
        0.1282565130      -12.8157577194
        0.1302605210      -12.6287149150
        0.1322645291      -12.4399226149
        0.1342685371      -12.2494929781
        0.1362725451      -12.0575421718
        0.1382765531      -11.8641904907
        0.1402805611      -11.6695624480
        0.1422845691      -11.4737868351
        0.1442885772      -11.2769967430
        0.1462925852      -11.0793295400
        0.1482965932      -10.8809268003
        0.1503006012      -10.6819341780
        0.1523046092      -10.4825012212
        0.1543086172      -10.2827811233
        0.1563126253      -10.0829304072
        0.1583166333       -9.8831085420
        0.1603206413       -9.6834774910
        0.1623246493       -9.4842011920
        0.1643286573       -9.2854449743
        0.1663326653       -9.0873749155
        0.1683366733       -8.8901571446
        0.1703406814       -8.6939571012
        0.1723446894       -8.4989387570
        0.1743486974       -8.3052638141
        0.1763527054       -8.1130908895
        0.1783567134       -7.9225746994
        0.1803607214       -7.7338652572
        0.1823647295       -7.5471070982
        0.1843687375       -7.3624385442
        0.1863727455       -7.1799910216
        0.1883767535       -6.9998884447
        0.1903807615       -6.8222466745
        0.1923847695       -6.6471730632
        0.1943887776       -6.4747660909
        0.1963927856       -6.3051151011
        0.1983967936       -6.1383001366
        0.2004008016       -5.9743918789
        0.2024048096       -5.8134516874
        0.2044088176       -5.6555317364
        0.2064128257       -5.5006752438
        0.2084168337       -5.3489167826
        0.2104208417       -5.2002826668
        0.2124248497       -5.0547913990
        0.2144288577       -4.9124541696
        0.2164328657       -4.7732753913
        0.2184368737       -4.6372532583
        0.2204408818       -4.5043803144
        0.2224448898       -4.3746440175
        0.2244488978       -4.2480272888
        0.2264529058       -4.1245090333
        0.2284569138       -4.0040646232
        0.2304609218       -3.8866663359
        0.2324649299       -3.7722837392
        0.2344689379       -3.6608840203
        0.2364729459       -3.5524322555
        0.2384769539       -3.4468916218
        0.2404809619       -3.3442235515
        0.2424849699       -3.2443878331
        0.2444889780       -3.1473426663
        0.2464929860       -3.0530446760
        0.2484969940       -2.9614488951
        0.2505010020       -2.8725087247
        0.2525050100       -2.7861758823
        0.2545090180       -2.7024003460
        0.2565130261       -2.6211303071
        0.2585170341       -2.5423121378
        0.2605210421       -2.4658903833
        0.2625250501       -2.3918077853
        0.2645290581       -2.3200053419
        0.2665330661       -2.2504224084
        0.2685370741       -2.1829968412
        0.2705410822       -2.1176651834
        0.2725450902       -2.0543628939
        0.2745490982       -1.9930246134
        0.2765531062       -1.9335844643
        0.2785571142       -1.8759763779
        0.2805611222       -1.8201344407
        0.2825651303       -1.7659932527
        0.2845691383       -1.7134882866
        0.2865731463       -1.6625562411
        0.2885771543       -1.6131353771
        0.2905811623       -1.5651658283
        0.2925851703       -1.5185898793
        0.2945891784       -1.4733522021
        0.2965931864       -1.4294000466
        0.2985971944       -1.3866833804
        0.3006012024       -1.3451549740
        0.3026052104       -1.3047704318
        0.3046092184       -1.2654881681
        0.3066132265       -1.2272693318
        0.3086172345       -1.1900776818
        0.3106212425       -1.1538794205
        0.3126252505       -1.1186429906
        0.3146292585       -1.0843388431
        0.3166332665       -1.0509391856
        0.3186372745       -1.0184177188
        0.3206412826       -0.9867493707
        0.3226452906       -0.9559100375
        0.3246492986       -0.9258763387
        0.3266533066       -0.8966253950
        0.3286573146       -0.8681346352
        0.3306613226       -0.8403816369
        0.3326653307       -0.8133440062
        0.3346693387       -0.7869992969
        0.3366733467       -0.7613249727
        0.3386773547       -0.7362984091
        0.3406813627       -0.7118969347
        0.3426853707       -0.6880979071
        0.3446893788       -0.6648788195
        0.3466933868       -0.6422174311
        0.3486973948       -0.6200919157
        0.3507014028       -0.5984810199
        0.3527054108       -0.5773642248
        0.3547094188       -0.5567219028
        0.3567134269       -0.5365354622
        0.3587174349       -0.5167874740
        0.3607214429       -0.4974617735
        0.3627254509       -0.4785435336
        0.3647294589       -0.4600193050
        0.3667334669       -0.4418770218
        0.3687374749       -0.4241059705
        0.3707414830       -0.4066967251
        0.3727454910       -0.3896410472
        0.3747494990       -0.3729317576
        0.3767535070       -0.3565625811
        0.3787575150       -0.3405279715
        0.3807615230       -0.3248229221
        0.3827655311       -0.3094427692
        0.3847695391       -0.2943829951
        0.3867735471       -0.2796390371
        0.3887775551       -0.2652061108
        0.3907815631       -0.2510790526
        0.3927855711       -0.2372521876
        0.3947895792       -0.2237192273
        0.3967935872       -0.2104732005
        0.3987975952       -0.1975064209
        0.4008016032       -0.1848104896
        0.4028056112       -0.1723763356
        0.4048096192       -0.1601942900
        0.4068136273       -0.1482541916
        0.4088176353       -0.1365455204
        0.4108216433       -0.1250575532
        0.4128256513       -0.1137795355
        0.4148296593       -0.1027008632
        0.4168336673       -0.0918112672
        0.4188376754       -0.0811009940
        0.4208416834       -0.0705609755
        0.4228456914       -0.0601829811
        0.4248496994       -0.0499597472
        0.4268537074       -0.0398850786
        0.4288577154       -0.0299539179
        0.4308617234       -0.0201623800
        0.4328657315       -0.0105077515
        0.4348697395       -0.0009884524
        0.4368737475        0.0083960363
        0.4388777555        0.0176452778
        0.4408817635        0.0267580145
        0.4428857715        0.0357323271
        0.4448897796        0.0445658129
        0.4468937876        0.0532557768
        0.4488977956        0.0617994293
        0.4509018036        0.0701940833
        0.4529058116        0.0784373442
        0.4549098196        0.0865272863
        0.4569138277        0.0944626093
        0.4589178357        0.1022427703
        0.4609218437        0.1098680861
        0.4629258517        0.1173398033
        0.4649298597        0.1246601337
        0.4669338677        0.1318322541
        0.4689378758        0.1388602707
        0.4709418838        0.1457491505
        0.4729458918        0.1525046208
        0.4749498998        0.1591330425
        0.4769539078        0.1656412609
        0.4789579158        0.1720364394
        0.4809619238        0.1783258822
        0.4829659319        0.1845168536
        0.4849699399        0.1906163974
        0.4869739479        0.1966311662
        0.4889779559        0.2025672641
        0.4909819639        0.2084301088
        0.4929859719        0.2142243184
        0.4949899800        0.2199536258
        0.4969939880        0.2256208233
        0.4989979960        0.2312277405
        0.5010020040        0.2367752535
        0.5030060120        0.2422633266
        0.5050100200        0.2476910842
        0.5070140281        0.2530569091
        0.5090180361        0.2583585649
        0.5110220441        0.2635933362
        0.5130260521        0.2687581827
        0.5150300601        0.2738499012
        0.5170340681        0.2788652894
        0.5190380762        0.2838013053
        0.5210420842        0.2886552183
        0.5230460922        0.2934247446
        0.5250501002        0.2981081638
        0.5270541082        0.3027044122
        0.5290581162        0.3072131499
        0.5310621242        0.3116348003
        0.5330661323        0.3159705596
        0.5350701403        0.3202223785
        0.5370741483        0.3243929151
        0.5390781563        0.3284854628
        0.5410821643        0.3325038548
        0.5430861723        0.3364523507
        0.5450901804        0.3403355078
        0.5470941884        0.3441580435
        0.5490981964        0.3479246929
        0.5511022044        0.3516400678
        0.5531062124        0.3553085213
        0.5551102204        0.3589340233
        0.5571142285        0.3625200522
        0.5591182365        0.3660695047
        0.5611222445        0.3695846282
        0.5631262525        0.3730669778
        0.5651302605        0.3765173984
        0.5671342685        0.3799360336
        0.5691382766        0.3833223589
        0.5711422846        0.3866752398
        0.5731462926        0.3899930101
        0.5751503006        0.3932735696
        0.5771543086        0.3965144958
        0.5791583166        0.3997131651
        0.5811623246        0.4028668809
        0.5831663327        0.4059730015
        0.5851703407        0.4090290646
        0.5871743487        0.4120329034
        0.5891783567        0.4149827495
        0.5911823647        0.4178773208
        0.5931863727        0.4207158886
        0.5951903808        0.4234983244
        0.5971943888        0.4262251223
        0.5991983968        0.4288973994
        0.6012024048        0.4315168709
        0.6032064128        0.4340858041
        0.6052104208        0.4366069510
        0.6072144289        0.4390834642
        0.6092184369        0.4415187971
        0.6112224449        0.4439165935
        0.6132264529        0.4462805714
        0.6152304609        0.4486144030
        0.6172344689        0.4509215980
        0.6192384770        0.4532053921
        0.6212424850        0.4554686468
        0.6232464930        0.4577137624
        0.6252505010        0.4599426080
        0.6272545090        0.4621564711
        0.6292585170        0.4643560283
        0.6312625251        0.4665413379
        0.6332665331        0.4687118546
        0.6352705411        0.4708664659
        0.6372745491        0.4730035482
        0.6392785571        0.4751210416
        0.6412825651        0.4772165385
        0.6432865731        0.4792873855
        0.6452905812        0.4813307926
        0.6472945892        0.4833439465
        0.6492985972        0.4853241247
        0.6513026052        0.4872688049
        0.6533066132        0.4891757674
        0.6553106212        0.4910431851
        0.6573146293        0.4928697001
        0.6593186373        0.4946544822
        0.6613226453        0.4963972687
        0.6633266533        0.4980983842
        0.6653306613        0.4997587386
        0.6673346693        0.5013798054
        0.6693386774        0.5029635790
        0.6713426854        0.5045125150
        0.6733466934        0.5060294534
        0.6753507014        0.5075175300
        0.6773547094        0.5089800763
        0.6793587174        0.5104205140
        0.6813627255        0.5118422471
        0.6833667335        0.5132485540
        0.6853707415        0.5146424856
        0.6873747495        0.5160267713
        0.6893787575        0.5174037365
        0.6913827655        0.5187752352
        0.6933867735        0.5201425982
        0.6953907816        0.5215066004
        0.6973947896        0.5228674473
        0.6993987976        0.5242247803
        0.7014028056        0.5255777021
        0.7034068136        0.5269248202
        0.7054108216        0.5282643062
        0.7074148297        0.5295939704
        0.7094188377        0.5309113470
        0.7114228457        0.5322137887
        0.7134268537        0.5334985664
        0.7154308617        0.5347629702
        0.7174348697        0.5360044088
        0.7194388778        0.5372205045
        0.7214428858        0.5384091788
        0.7234468938        0.5395687275
        0.7254509018        0.5406978817
        0.7274549098        0.5417958538
        0.7294589178        0.5428623659
        0.7314629259        0.5438976604
        0.7334669339        0.5449024930
        0.7354709419        0.5458781083
        0.7374749499        0.5468261979
        0.7394789579        0.5477488447
        0.7414829659        0.5486484539
        0.7434869739        0.5495276740
        0.7454909820        0.5503893098
        0.7474949900        0.5512362312
        0.7494989980        0.5520712817
        0.7515030060        0.5528971874
        0.7535070140        0.5537164719
        0.7555110220        0.5545313794
        0.7575150301        0.5553438075
        0.7595190381        0.5561552534
        0.7615230461        0.5569667741
        0.7635270541        0.5577789624
        0.7655310621        0.5585919394
        0.7675350701        0.5594053630
        0.7695390782        0.5602184526
        0.7715430862        0.5610300289
        0.7735470942        0.5618385666
        0.7755511022        0.5626422590
        0.7775551102        0.5634390920
        0.7795591182        0.5642269241
        0.7815631263        0.5650035703
        0.7835671343        0.5657668873
        0.7855711423        0.5665148558
        0.7875751503        0.5672456587
        0.7895791583        0.5679577512
        0.7915831663        0.5686499215
        0.7935871743        0.5693213391
        0.7955911824        0.5699715898
        0.7975951904        0.5706006967
        0.7995991984        0.5712091251
        0.8016032064        0.5717977727
        0.8036072144        0.5723679446
        0.8056112224        0.5729213148
        0.8076152305        0.5734598745
        0.8096192385        0.5739858700
        0.8116232465        0.5745017314
        0.8136272545        0.5750099957
        0.8156312625        0.5755132256
        0.8176352705        0.5760139272
        0.8196392786        0.5765144699
        0.8216432866        0.5770170100
        0.8236472946        0.5775234211
        0.8256513026        0.5780352340
        0.8276553106        0.5785535869
        0.8296593186        0.5790791884
        0.8316633267        0.5796122935
        0.8336673347        0.5801526950
        0.8356713427        0.5806997279
        0.8376753507        0.5812522894
        0.8396793587        0.5818088712
        0.8416833667        0.5823676057
        0.8436873747        0.5829263211
        0.8456913828        0.5834826078
        0.8476953908        0.5840338899
        0.8496993988        0.5845775026
        0.8517034068        0.5851107712
        0.8537074148        0.5856310901
        0.8557114228        0.5861359991
        0.8577154309        0.5866232552
        0.8597194389        0.5870908965
        0.8617234469        0.5875372983
        0.8637274549        0.5879612176
        0.8657314629        0.5883618272
        0.8677354709        0.5887387361
        0.8697394790        0.5890919978
        0.8717434870        0.5894221058
        0.8737474950        0.5897299758
        0.8757515030        0.5900169175
        0.8777555110        0.5902845941
        0.8797595190        0.5905349746
        0.8817635271        0.5907702768
        0.8837675351        0.5909929060
        0.8857715431        0.5912053897
        0.8877755511        0.5914103101
        0.8897795591        0.5916102385
        0.8917835671        0.5918076706
        0.8937875752        0.5920049674
        0.8957915832        0.5922043011
        0.8977955912        0.5924076094
        0.8997995992        0.5926165569
        0.9018036072        0.5928325073
        0.9038076152        0.5930565042
        0.9058116232        0.5932892621
        0.9078156313        0.5935311678
        0.9098196393        0.5937822901
        0.9118236473        0.5940423985
        0.9138276553        0.5943109890
        0.9158316633        0.5945873166
        0.9178356713        0.5948704322
        0.9198396794        0.5951592226
        0.9218436874        0.5954524528
        0.9238476954        0.5957488086
        0.9258517034        0.5960469369
        0.9278557114        0.5963454851
        0.9298597194        0.5966431356
        0.9318637275        0.5969386358
        0.9338677355        0.5972308232
        0.9358717435        0.5975186440
        0.9378757515        0.5978011655
        0.9398797595        0.5980775833
        0.9418837675        0.5983472211
        0.9438877756        0.5986095271
        0.9458917836        0.5988640637
        0.9478957916        0.5991104955
        0.9498997996        0.5993485731
        0.9519038076        0.5995781160
        0.9539078156        0.5997989950
        0.9559118236        0.6000111152
        0.9579158317        0.6002144001
        0.9599198397        0.6004087795
        0.9619238477        0.6005941795
        0.9639278557        0.6007705173
        0.9659318637        0.6009376998
        0.9679358717        0.6010956274
        0.9699398798        0.6012442009
        0.9719438878        0.6013833340
        0.9739478958        0.6015129681
        0.9759519038        0.6016330903
        0.9779559118        0.6017437533
        0.9799599198        0.6018450959
        0.9819639279        0.6019373631
        0.9839679359        0.6020209246
        0.9859719439        0.6020962909
        0.9879759519        0.6021641248
        0.9899799599        0.6022252492
        0.9919839679        0.6022806479
        0.9939879760        0.6023314612
        0.9959919840        0.6023789740
        0.9979959920        0.6024245976
        1.0000000000        0.6024698446
