 &plot nbnd=  26, nks=    91 /
            0.000000  0.000000  0.000000
  -49.463  -28.030  -27.118  -27.118  -24.873  -17.403   -7.498   -6.651   -6.651   -5.535
   -3.824   -3.824   -0.356    1.644    1.644    2.010    2.846    2.846    3.604    3.778
    4.642    5.157    6.447    7.210    8.939   10.552
            0.016667  0.009623  0.000000
  -49.463  -28.029  -27.121  -27.118  -24.872  -17.402   -7.495   -6.654   -6.651   -5.534
   -3.836   -3.827   -0.356    1.640    1.648    2.017    2.841    2.849    3.612    3.785
    4.649    5.167    6.457    7.217    8.943   10.557
            0.033333  0.019245  0.000000
  -49.462  -28.027  -27.130  -27.120  -24.870  -17.397   -7.487   -6.664   -6.651   -5.532
   -3.871   -3.833   -0.353    1.630    1.660    2.038    2.831    2.859    3.634    3.807
    4.671    5.197    6.486    7.239    8.955   10.572
            0.050000  0.028868  0.000000
  -49.461  -28.023  -27.144  -27.122  -24.866  -17.389   -7.474   -6.679   -6.651   -5.527
   -3.927   -3.843   -0.350    1.615    1.681    2.068    2.820    2.876    3.669    3.843
    4.707    5.246    6.533    7.276    8.975   10.543
            0.066667  0.038490  0.000000
  -49.459  -28.017  -27.164  -27.125  -24.861  -17.377   -7.455   -6.700   -6.651   -5.522
   -4.003   -3.858   -0.347    1.597    1.710    2.103    2.816    2.900    3.716    3.890
    4.757    5.311    6.600    7.327    9.002   10.426
            0.083333  0.048113  0.000000
  -49.457  -28.010  -27.188  -27.129  -24.855  -17.362   -7.432   -6.726   -6.652   -5.516
   -4.096   -3.876   -0.345    1.577    1.747    2.137    2.828    2.929    3.774    3.949
    4.820    5.390    6.683    7.392    9.035   10.294
            0.100000  0.057735  0.000000
  -49.455  -28.002  -27.218  -27.133  -24.848  -17.345   -7.406   -6.755   -6.653   -5.510
   -4.204   -3.897   -0.345    1.559    1.794    2.163    2.861    2.963    3.842    4.017
    4.894    5.480    6.783    7.471    9.073   10.156
            0.116667  0.067358  0.000000
  -49.452  -27.992  -27.251  -27.139  -24.840  -17.324   -7.375   -6.787   -6.653   -5.506
   -4.324   -3.921   -0.347    1.546    1.849    2.180    2.920    3.001    3.920    4.095
    4.980    5.579    6.897    7.563    9.113   10.022
            0.133333  0.076980  0.000000
  -49.449  -27.982  -27.287  -27.145  -24.832  -17.301   -7.343   -6.821   -6.655   -5.504
   -4.452   -3.948   -0.354    1.539    1.913    2.188    3.002    3.043    4.007    4.183
    5.077    5.685    7.021    7.667    9.150    9.901
            0.150000  0.086603  0.000000
  -49.446  -27.971  -27.326  -27.151  -24.824  -17.275   -7.310   -6.856   -6.657   -5.506
   -4.584   -3.977   -0.365    1.541    1.986    2.191    3.088    3.104    4.104    4.279
    5.184    5.797    7.151    7.780    9.176    9.806
            0.166667  0.096225  0.000000
  -49.442  -27.959  -27.367  -27.158  -24.817  -17.247   -7.277   -6.890   -6.659   -5.513
   -4.717   -4.007   -0.381    1.554    2.068    2.194    3.135    3.220    4.210    4.384
    5.299    5.915    7.282    7.899    9.184    9.751
            0.183333  0.105848  0.000000
  -49.438  -27.946  -27.409  -27.166  -24.809  -17.217   -7.246   -6.921   -6.662   -5.528
   -4.846   -4.039   -0.403    1.578    2.158    2.200    3.184    3.346    4.325    4.499
    5.421    6.038    7.410    8.017    9.177    9.736
            0.200000  0.115470  0.000000
  -49.434  -27.934  -27.452  -27.174  -24.803  -17.185   -7.221   -6.948   -6.665   -5.556
   -4.965   -4.072   -0.429    1.613    2.211    2.257    3.234    3.479    4.448    4.622
    5.549    6.165    7.525    8.125    9.174    9.745
            0.216667  0.125093  0.000000
  -49.430  -27.923  -27.494  -27.182  -24.797  -17.152   -7.205   -6.966   -6.669   -5.603
   -5.066   -4.105   -0.459    1.659    2.231    2.363    3.284    3.618    4.579    4.754
    5.682    6.297    7.622    8.216    9.199    9.752
            0.233333  0.134715  0.000000
  -49.426  -27.913  -27.534  -27.190  -24.792  -17.117   -7.203   -6.972   -6.673   -5.672
   -5.143   -4.138   -0.491    1.714    2.259    2.476    3.335    3.761    4.719    4.895
    5.816    6.433    7.691    8.290    9.261    9.754
            0.250000  0.144338  0.000000
  -49.422  -27.905  -27.571  -27.199  -24.787  -17.082   -7.213   -6.967   -6.678   -5.763
   -5.196   -4.170   -0.525    1.775    2.296    2.595    3.385    3.908    4.867    5.044
    5.950    6.572    7.731    8.353    9.349    9.771
            0.266667  0.153960  0.000000
  -49.417  -27.901  -27.603  -27.207  -24.784  -17.046   -7.234   -6.953   -6.684   -5.868
   -5.229   -4.202   -0.559    1.842    2.344    2.719    3.437    4.057    5.022    5.201
    6.081    6.714    7.749    8.412    9.438    9.832
            0.283333  0.163583  0.000000
  -49.413  -27.902  -27.630  -27.215  -24.782  -17.010   -7.260   -6.936   -6.690   -5.981
   -5.250   -4.233   -0.592    1.910    2.402    2.844    3.489    4.209    5.184    5.366
    6.205    6.856    7.759    8.464    9.518    9.944
            0.300000  0.173205  0.000000
  -49.409  -27.909  -27.648  -27.223  -24.780  -16.974   -7.289   -6.920   -6.696   -6.094
   -5.262   -4.262   -0.622    1.979    2.469    2.969    3.544    4.363    5.354    5.537
    6.320    6.998    7.777    8.507    9.595   10.090
            0.316667  0.182828  0.000000
  -49.404  -27.922  -27.659  -27.231  -24.779  -16.939   -7.319   -6.905   -6.702   -6.203
   -5.269   -4.290   -0.651    2.046    2.543    3.089    3.605    4.519    5.528    5.713
    6.425    7.138    7.816    8.543    9.680   10.250
            0.333333  0.192450  0.000000
  -49.401  -27.941  -27.663  -27.238  -24.779  -16.906   -7.349   -6.894   -6.709   -6.306
   -5.273   -4.316   -0.676    2.111    2.621    3.199    3.673    4.678    5.707    5.894
    6.520    7.274    7.881    8.575    9.771   10.401
            0.350000  0.202073  0.000000
  -49.397  -27.963  -27.662  -27.245  -24.779  -16.873   -7.379   -6.888   -6.715   -6.399
   -5.275   -4.341   -0.698    2.174    2.700    3.294    3.753    4.838    5.884    6.077
    6.614    7.404    7.971    8.612    9.859   10.499
            0.366667  0.211695  0.000000
  -49.393  -27.986  -27.657  -27.252  -24.780  -16.843   -7.406   -6.887   -6.721   -6.480
   -5.275   -4.363   -0.716    2.234    2.776    3.371    3.845    4.999    6.053    6.262
    6.719    7.526    8.081    8.661    9.924   10.423
            0.383333  0.221318  0.000000
  -49.390  -28.008  -27.651  -27.258  -24.781  -16.816   -7.433   -6.892   -6.727   -6.548
   -5.275   -4.382   -0.732    2.291    2.844    3.430    3.945    5.162    6.201    6.450
    6.849    7.635    8.205    8.727    9.922   10.228
            0.400000  0.230940  0.000000
  -49.388  -28.029  -27.644  -27.263  -24.783  -16.791   -7.457   -6.904   -6.732   -6.601
   -5.274   -4.400   -0.744    2.344    2.904    3.475    4.048    5.325    6.318    6.646
    7.009    7.732    8.334    8.814    9.776   10.089
            0.416667  0.240563  0.000000
  -49.385  -28.048  -27.638  -27.267  -24.784  -16.769   -7.479   -6.920   -6.737   -6.640
   -5.273   -4.415   -0.754    2.393    2.952    3.509    4.147    5.486    6.406    6.850
    7.195    7.817    8.454    8.916    9.542    9.973
            0.433333  0.250185  0.000000
  -49.383  -28.064  -27.632  -27.271  -24.785  -16.751   -7.498   -6.939   -6.741   -6.666
   -5.272   -4.427   -0.761    2.437    2.988    3.534    4.237    5.641    6.468    7.058
    7.395    7.900    8.547    9.015    9.319    9.809
            0.450000  0.259808  0.000000
  -49.382  -28.077  -27.626  -27.274  -24.786  -16.736   -7.514   -6.958   -6.744   -6.684
   -5.270   -4.436   -0.766    2.474    3.013    3.552    4.312    5.784    6.507    7.261
    7.596    7.994    8.582    9.000    9.227    9.613
            0.466667  0.269430  0.000000
  -49.380  -28.087  -27.623  -27.276  -24.787  -16.726   -7.526   -6.973   -6.747   -6.694
   -5.270   -4.443   -0.769    2.502    3.029    3.565    4.368    5.905    6.527    7.447
    7.775    8.116    8.527    8.875    9.202    9.473
            0.483333  0.279053  0.000000
  -49.380  -28.092  -27.620  -27.277  -24.788  -16.719   -7.533   -6.982   -6.748   -6.700
   -5.269   -4.447   -0.771    2.519    3.038    3.572    4.404    5.989    6.531    7.589
    7.909    8.267    8.413    8.759    9.087    9.438
            0.500000  0.288675  0.000000
  -49.380  -28.094  -27.619  -27.278  -24.788  -16.717   -7.535   -6.986   -6.749   -6.702
   -5.269   -4.449   -0.772    2.525    3.041    3.575    4.416    6.020    6.531    7.646
    7.967    8.347    8.364    8.683    9.030    9.430
            0.494444  0.298298  0.000000
  -49.380  -28.094  -27.619  -27.278  -24.788  -16.717   -7.534   -6.987   -6.752   -6.697
   -5.269   -4.452   -0.770    2.527    3.040    3.573    4.409    6.030    6.534    7.648
    7.968    8.349    8.366    8.684    9.031    9.430
            0.488889  0.307920  0.000000
  -49.379  -28.093  -27.619  -27.281  -24.787  -16.716   -7.531   -6.991   -6.760   -6.685
   -5.270   -4.462   -0.762    2.531    3.037    3.569    4.390    6.057    6.545    7.654
    7.973    8.353    8.370    8.689    9.035    9.431
            0.483333  0.317543  0.000000
  -49.379  -28.092  -27.619  -27.284  -24.787  -16.715   -7.526   -6.997   -6.769   -6.669
   -5.271   -4.479   -0.750    2.538    3.033    3.562    4.360    6.101    6.564    7.663
    7.980    8.361    8.379    8.696    9.042    9.432
            0.477778  0.327165  0.000000
  -49.379  -28.090  -27.618  -27.289  -24.786  -16.713   -7.519   -7.005   -6.777   -6.652
   -5.272   -4.502   -0.734    2.547    3.026    3.553    4.322    6.158    6.591    7.676
    7.989    8.372    8.390    8.706    9.050    9.434
            0.472222  0.336788  0.000000
  -49.379  -28.087  -27.617  -27.295  -24.785  -16.711   -7.510   -7.015   -6.783   -6.634
   -5.274   -4.531   -0.713    2.559    3.017    3.543    4.276    6.224    6.627    7.693
    8.002    8.385    8.405    8.719    9.062    9.435
            0.466667  0.346410  0.000000
  -49.379  -28.084  -27.616  -27.303  -24.784  -16.708   -7.500   -7.027   -6.789   -6.614
   -5.277   -4.566   -0.688    2.573    3.006    3.531    4.227    6.297    6.674    7.714
    8.018    8.401    8.424    8.735    9.076    9.435
            0.461111  0.356033  0.000000
  -49.378  -28.080  -27.615  -27.312  -24.783  -16.705   -7.488   -7.040   -6.793   -6.595
   -5.280   -4.606   -0.659    2.588    2.992    3.518    4.174    6.371    6.733    7.738
    8.036    8.419    8.446    8.754    9.092    9.434
            0.455556  0.365655  0.000000
  -49.378  -28.076  -27.614  -27.322  -24.781  -16.702   -7.475   -7.053   -6.796   -6.575
   -5.284   -4.651   -0.626    2.604    2.975    3.507    4.121    6.442    6.806    7.765
    8.058    8.440    8.472    8.775    9.110    9.433
            0.450000  0.375278  0.000000
  -49.378  -28.071  -27.612  -27.333  -24.780  -16.698   -7.460   -7.067   -6.797   -6.555
   -5.288   -4.700   -0.589    2.620    2.954    3.496    4.067    6.509    6.893    7.795
    8.082    8.463    8.501    8.799    9.130    9.430
            0.444444  0.384900  0.000000
  -49.377  -28.066  -27.611  -27.345  -24.778  -16.694   -7.445   -7.081   -6.798   -6.534
   -5.292   -4.752   -0.550    2.637    2.931    3.487    4.015    6.570    6.994    7.827
    8.109    8.488    8.534    8.826    9.153    9.426
            0.438889  0.394523  0.000000
  -49.377  -28.061  -27.609  -27.358  -24.777  -16.689   -7.430   -7.094   -6.798   -6.514
   -5.298   -4.807   -0.508    2.652    2.904    3.481    3.963    6.625    7.106    7.862
    8.138    8.515    8.570    8.855    9.177    9.422
            0.433333  0.404145  0.000000
  -49.376  -28.055  -27.607  -27.371  -24.775  -16.684   -7.415   -7.106   -6.798   -6.493
   -5.305   -4.864   -0.463    2.667    2.874    3.477    3.914    6.676    7.227    7.898
    8.169    8.545    8.610    8.887    9.202    9.420
            0.427778  0.413768  0.000000
  -49.376  -28.049  -27.606  -27.385  -24.773  -16.680   -7.400   -7.115   -6.797   -6.473
   -5.312   -4.922   -0.416    2.680    2.842    3.477    3.867    6.723    7.355    7.935
    8.202    8.578    8.654    8.921    9.229    9.423
            0.422222  0.423390  0.000000
  -49.375  -28.042  -27.604  -27.400  -24.771  -16.674   -7.388   -7.122   -6.795   -6.453
   -5.322   -4.981   -0.367    2.690    2.808    3.479    3.822    6.766    7.487    7.971
    8.235    8.614    8.700    8.958    9.257    9.430
            0.416667  0.433013  0.000000
  -49.375  -28.035  -27.602  -27.415  -24.770  -16.669   -7.377   -7.126   -6.793   -6.432
   -5.334   -5.038   -0.317    2.696    2.776    3.483    3.781    6.806    7.624    8.006
    8.268    8.656    8.750    8.999    9.287    9.445
            0.411111  0.442635  0.000000
  -49.374  -28.028  -27.600  -27.430  -24.768  -16.664   -7.371   -7.125   -6.791   -6.412
   -5.350   -5.093   -0.266    2.695    2.748    3.487    3.744    6.842    7.762    8.037
    8.302    8.704    8.803    9.043    9.319    9.467
            0.405556  0.452258  0.000000
  -49.374  -28.021  -27.598  -27.446  -24.767  -16.659   -7.367   -7.121   -6.788   -6.392
   -5.371   -5.142   -0.215    2.678    2.735    3.490    3.714    6.874    7.901    8.063
    8.336    8.759    8.860    9.091    9.355    9.495
            0.400000  0.461880  0.000000
  -49.373  -28.014  -27.596  -27.461  -24.765  -16.653   -7.367   -7.112   -6.784   -6.372
   -5.399   -5.183   -0.164    2.649    2.732    3.488    3.692    6.902    8.038    8.084
    8.373    8.822    8.919    9.144    9.396    9.529
            0.394444  0.471503  0.000000
  -49.373  -28.007  -27.594  -27.476  -24.764  -16.648   -7.370   -7.100   -6.781   -6.353
   -5.435   -5.216   -0.113    2.619    2.732    3.478    3.680    6.927    8.089    8.181
    8.415    8.891    8.981    9.201    9.443    9.566
            0.388889  0.481125  0.000000
  -49.372  -28.000  -27.592  -27.490  -24.762  -16.643   -7.374   -7.087   -6.777   -6.333
   -5.478   -5.240   -0.064    2.589    2.732    3.460    3.679    6.947    8.094    8.315
    8.462    8.966    9.045    9.264    9.494    9.607
            0.383333  0.490748  0.000000
  -49.372  -27.993  -27.590  -27.504  -24.761  -16.638   -7.381   -7.072   -6.773   -6.313
   -5.526   -5.257   -0.017    2.562    2.732    3.436    3.686    6.963    8.093    8.444
    8.516    9.043    9.114    9.333    9.551    9.649
            0.377778  0.500370  0.000000
  -49.371  -27.986  -27.589  -27.517  -24.760  -16.634   -7.387   -7.056   -6.768   -6.294
   -5.576   -5.270    0.027    2.539    2.731    3.408    3.698    6.974    8.087    8.551
    8.594    9.119    9.187    9.408    9.614    9.693
            0.372222  0.509993  0.000000
  -49.371  -27.981  -27.587  -27.529  -24.759  -16.629   -7.394   -7.042   -6.764   -6.274
   -5.625   -5.280    0.068    2.520    2.730    3.378    3.713    6.983    8.080    8.621
    8.709    9.189    9.264    9.488    9.680    9.737
            0.366667  0.519615  0.000000
  -49.370  -27.975  -27.586  -27.540  -24.758  -16.626   -7.401   -7.028   -6.760   -6.256
   -5.672   -5.287    0.105    2.505    2.729    3.349    3.728    6.988    8.073    8.688
    8.826    9.254    9.344    9.573    9.751    9.781
            0.361111  0.529238  0.000000
  -49.370  -27.970  -27.584  -27.550  -24.758  -16.622   -7.407   -7.016   -6.755   -6.237
   -5.716   -5.293    0.137    2.494    2.728    3.321    3.742    6.990    8.066    8.756
    8.939    9.312    9.422    9.660    9.814    9.835
            0.355556  0.538860  0.000000
  -49.370  -27.967  -27.583  -27.558  -24.757  -16.619   -7.412   -7.006   -6.751   -6.220
   -5.754   -5.298    0.164    2.487    2.728    3.296    3.755    6.991    8.060    8.826
    9.046    9.360    9.492    9.743    9.858    9.910
            0.350000  0.548483  0.000000
  -49.369  -27.964  -27.582  -27.564  -24.757  -16.617   -7.417   -6.999   -6.748   -6.205
   -5.787   -5.301    0.185    2.484    2.727    3.274    3.766    6.990    8.056    8.898
    9.143    9.395    9.548    9.813    9.899    9.989
            0.344444  0.558105  0.000000
  -49.369  -27.961  -27.582  -27.568  -24.757  -16.615   -7.420   -6.993   -6.746   -6.193
   -5.812   -5.303    0.200    2.483    2.727    3.257    3.773    6.989    8.053    8.970
    9.223    9.413    9.587    9.853    9.935   10.065
            0.338889  0.567728  0.000000
  -49.369  -27.960  -27.582  -27.571  -24.756  -16.614   -7.422   -6.990   -6.744   -6.185
   -5.827   -5.305    0.208    2.484    2.727    3.246    3.778    6.987    8.052    9.036
    9.263    9.424    9.604    9.857    9.962   10.136
            0.333333  0.577350  0.000000
  -49.369  -27.960  -27.581  -27.572  -24.756  -16.614   -7.423   -6.989   -6.744   -6.183
   -5.833   -5.305    0.211    2.484    2.727    3.242    3.779    6.987    8.051    9.071
    9.261    9.436    9.605    9.852    9.973   10.198
            0.322222  0.558105  0.000000
  -49.369  -27.961  -27.582  -27.569  -24.757  -16.615   -7.420   -6.993   -6.745   -6.192
   -5.813   -5.303    0.200    2.479    2.728    3.258    3.774    6.989    8.052    8.906
    9.322    9.355    9.615    9.825    9.899   10.051
            0.311111  0.538860  0.000000
  -49.370  -27.965  -27.584  -27.559  -24.757  -16.620   -7.412   -7.003   -6.751   -6.214
   -5.763   -5.298    0.170    2.458    2.731    3.300    3.760    6.997    8.050    8.609
    9.065    9.412    9.567    9.601   10.003   10.028
            0.300000  0.519615  0.000000
  -49.371  -27.969  -27.587  -27.544  -24.758  -16.629   -7.398   -7.016   -6.758   -6.238
   -5.695   -5.288    0.124    2.419    2.740    3.352    3.749    7.005    8.026    8.303
    8.763    9.084    9.512    9.741    9.883   10.169
            0.288889  0.500370  0.000000
  -49.372  -27.972  -27.591  -27.525  -24.759  -16.641   -7.381   -7.029   -6.767   -6.260
   -5.618   -5.273    0.067    2.364    2.755    3.384    3.757    7.008    7.853    8.129
    8.453    8.743    9.434    9.681    9.926   10.268
            0.277778  0.481125  0.000000
  -49.374  -27.974  -27.597  -27.503  -24.759  -16.657   -7.360   -7.038   -6.777   -6.277
   -5.542   -5.249    0.003    2.298    2.773    3.377    3.797    6.991    7.531    8.045
    8.168    8.456    9.348    9.449   10.029   10.327
            0.266667  0.461880  0.000000
  -49.376  -27.974  -27.604  -27.479  -24.760  -16.677   -7.339   -7.039   -6.787   -6.288
   -5.473   -5.212   -0.064    2.227    2.790    3.335    3.855    6.941    7.187    7.798
    7.953    8.321    9.206    9.251    9.959   10.355
            0.255556  0.442635  0.000000
  -49.378  -27.970  -27.612  -27.454  -24.761  -16.701   -7.320   -7.029   -6.798   -6.291
   -5.419   -5.157   -0.130    2.154    2.803    3.279    3.908    6.815    6.872    7.495
    7.716    8.303    8.981    9.129    9.872   10.284
            0.244444  0.423390  0.000000
  -49.381  -27.963  -27.621  -27.428  -24.762  -16.729   -7.303   -7.007   -6.811   -6.286
   -5.382   -5.084   -0.195    2.079    2.805    3.222    3.943    6.480    6.718    7.194
    7.493    8.279    8.804    8.983    9.843   10.193
            0.233333  0.404145  0.000000
  -49.384  -27.953  -27.630  -27.403  -24.763  -16.760   -7.287   -6.976   -6.825   -6.270
   -5.357   -4.998   -0.254    2.005    2.789    3.175    3.951    6.135    6.539    6.901
    7.297    8.176    8.715    8.829    9.863   10.095
            0.222222  0.384900  0.000000
  -49.388  -27.941  -27.638  -27.377  -24.764  -16.794   -7.273   -6.938   -6.841   -6.242
   -5.340   -4.907   -0.306    1.933    2.753    3.145    3.929    5.798    6.334    6.620
    7.121    7.999    8.655    8.725    9.852   10.045
            0.211111  0.365655  0.000000
  -49.392  -27.926  -27.644  -27.352  -24.765  -16.831   -7.257   -6.899   -6.859   -6.198
   -5.326   -4.813   -0.351    1.864    2.699    3.128    3.875    5.475    6.116    6.354
    6.956    7.792    8.523    8.736    9.743   10.062
            0.200000  0.346410  0.000000
  -49.397  -27.912  -27.648  -27.328  -24.767  -16.869   -7.239   -6.885   -6.854   -6.139
   -5.314   -4.721   -0.387    1.798    2.635    3.116    3.790    5.170    5.895    6.103
    6.795    7.580    8.401    8.761    9.597   10.042
            0.188889  0.327165  0.000000
  -49.401  -27.900  -27.645  -27.305  -24.769  -16.910   -7.219   -6.908   -6.820   -6.065
   -5.302   -4.630   -0.413    1.737    2.567    3.100    3.681    4.887    5.677    5.866
    6.634    7.370    8.296    8.788    9.438    9.973
            0.177778  0.307920  0.000000
  -49.406  -27.891  -27.635  -27.283  -24.772  -16.952   -7.197   -6.934   -6.788   -5.977
   -5.287   -4.542   -0.430    1.680    2.500    3.070    3.558    4.629    5.465    5.642
    6.471    7.167    8.204    8.811    9.272    9.890
            0.166667  0.288675  0.000000
  -49.411  -27.889  -27.617  -27.262  -24.775  -16.994   -7.174   -6.961   -6.761   -5.880
   -5.266   -4.459   -0.438    1.630    2.437    3.011    3.436    4.394    5.261    5.431
    6.306    6.971    8.119    8.825    9.107    9.828
            0.155556  0.269430  0.000000
  -49.416  -27.892  -27.589  -27.243  -24.779  -17.037   -7.154   -6.985   -6.738   -5.781
   -5.236   -4.379   -0.438    1.586    2.380    2.913    3.336    4.180    5.066    5.233
    6.139    6.783    8.029    8.802    8.975    9.805
            0.144444  0.250185  0.000000
  -49.421  -27.900  -27.555  -27.225  -24.784  -17.080   -7.144   -6.999   -6.718   -5.689
   -5.187   -4.305   -0.431    1.550    2.331    2.778    3.263    3.984    4.882    5.048
    5.972    6.604    7.925    8.675    8.953    9.825
            0.133333  0.230940  0.000000
  -49.426  -27.911  -27.514  -27.209  -24.790  -17.121   -7.153   -6.995   -6.702   -5.614
   -5.114   -4.235   -0.419    1.521    2.289    2.624    3.207    3.802    4.709    4.875
    5.808    6.432    7.803    8.501    8.992    9.876
            0.122222  0.211695  0.000000
  -49.431  -27.925  -27.471  -27.194  -24.797  -17.161   -7.180   -6.972   -6.688   -5.561
   -5.013   -4.170   -0.403    1.502    2.254    2.469    3.156    3.632    4.547    4.714
    5.647    6.269    7.664    8.320    9.054    9.828
            0.111111  0.192450  0.000000
  -49.436  -27.939  -27.425  -27.180  -24.805  -17.199   -7.217   -6.939   -6.678   -5.529
   -4.887   -4.111   -0.387    1.491    2.219    2.330    3.106    3.475    4.396    4.565
    5.493    6.114    7.511    8.143    9.121    9.763
            0.100000  0.173205  0.000000
  -49.441  -27.954  -27.378  -27.168  -24.813  -17.235   -7.257   -6.902   -6.669   -5.512
   -4.747   -4.056   -0.371    1.490    2.150    2.246    3.054    3.331    4.257    4.428
    5.347    5.967    7.352    7.975    9.170    9.745
            0.088889  0.153960  0.000000
  -49.445  -27.968  -27.332  -27.157  -24.822  -17.269   -7.298   -6.862   -6.663   -5.504
   -4.600   -4.008   -0.359    1.496    2.043    2.220    2.998    3.204    4.130    4.303
    5.211    5.827    7.191    7.820    9.180    9.792
            0.077778  0.134715  0.000000
  -49.449  -27.981  -27.288  -27.148  -24.831  -17.299   -7.339   -6.822   -6.658   -5.503
   -4.451   -3.965   -0.350    1.511    1.943    2.205    2.939    3.101    4.016    4.190
    5.086    5.695    7.035    7.680    9.154    9.897
            0.066667  0.115470  0.000000
  -49.453  -27.993  -27.247  -27.140  -24.841  -17.326   -7.377   -6.783   -6.655   -5.506
   -4.308   -3.927   -0.345    1.531    1.859    2.188    2.882    3.022    3.914    4.089
    4.974    5.572    6.890    7.558    9.111   10.037
            0.055556  0.096225  0.000000
  -49.456  -28.004  -27.210  -27.133  -24.849  -17.349   -7.412   -6.747   -6.653   -5.511
   -4.175   -3.896   -0.344    1.556    1.789    2.162    2.838    2.964    3.826    4.001
    4.876    5.459    6.760    7.453    9.064   10.192
            0.044444  0.076980  0.000000
  -49.458  -28.013  -27.178  -27.127  -24.857  -17.368   -7.442   -6.715   -6.652   -5.518
   -4.057   -3.870   -0.346    1.582    1.735    2.126    2.817    2.920    3.751    3.925
    4.794    5.358    6.650    7.366    9.022   10.349
            0.033333  0.057735  0.000000
  -49.460  -28.020  -27.152  -27.123  -24.864  -17.384   -7.466   -6.688   -6.651   -5.525
   -3.959   -3.850   -0.349    1.606    1.694    2.084    2.816    2.887    3.690    3.863
    4.729    5.274    6.562    7.298    8.986   10.493
            0.022222  0.038490  0.000000
  -49.462  -28.025  -27.133  -27.120  -24.869  -17.395   -7.484   -6.668   -6.651   -5.530
   -3.886   -3.836   -0.353    1.626    1.666    2.046    2.827    2.864    3.644    3.817
    4.681    5.211    6.498    7.249    8.960   10.578
            0.011111  0.019245  0.000000
  -49.463  -28.029  -27.122  -27.118  -24.872  -17.401   -7.495   -6.655   -6.651   -5.534
   -3.840   -3.827   -0.355    1.639    1.649    2.020    2.840    2.850    3.614    3.788
    4.652    5.171    6.460    7.219    8.944   10.559
            0.000000  0.000000  0.000000
  -49.463  -28.030  -27.118  -27.118  -24.873  -17.403   -7.498   -6.651   -6.651   -5.535
   -3.824   -3.824   -0.356    1.644    1.644    2.010    2.846    2.846    3.604    3.778
    4.642    5.157    6.447    7.210    8.939   10.552
