        0.0000000000      -14.0314341616
        0.0020040080      -14.2086353645
        0.0040080160      -14.3829407003
        0.0060120240      -14.5542524465
        0.0080160321      -14.7224753743
        0.0100200401      -14.8875165816
        0.0120240481      -15.0492853045
        0.0140280561      -15.2076927045
        0.0160320641      -15.3626516282
        0.0180360721      -15.5140763423
        0.0200400802      -15.6618822436
        0.0220440882      -15.8059855495
        0.0240480962      -15.9463029760
        0.0260521042      -16.0827514094
        0.0280561122      -16.2152475840
        0.0300601202      -16.3437077759
        0.0320641283      -16.4680475244
        0.0340681363      -16.5881813959
        0.0360721443      -16.7040228015
        0.0380761523      -16.8154838806
        0.0400801603      -16.9224754620
        0.0420841683      -17.0249071124
        0.0440881764      -17.1226872783
        0.0460921844      -17.2157235275
        0.0480961924      -17.3039228909
        0.0501002004      -17.3871923045
        0.0521042084      -17.4654391462
        0.0541082164      -17.5385718607
        0.0561122244      -17.6065006604
        0.0581162325      -17.6691382899
        0.0601202405      -17.7264008372
        0.0621242485      -17.7782085731
        0.0641282565      -17.8244868000
        0.0661322645      -17.8651666874
        0.0681362725      -17.9001860757
        0.0701402806      -17.9294902249
        0.0721442886      -17.9530324909
        0.0741482966      -17.9707749106
        0.0761523046      -17.9826886800
        0.0781563126      -17.9887545135
        0.0801603206      -17.9889628749
        0.0821643287      -17.9833140737
        0.0841683367      -17.9718182253
        0.0861723447      -17.9544950771
        0.0881763527      -17.9313737054
        0.0901803607      -17.9024920931
        0.0921843687      -17.8678965998
        0.0941883768      -17.8276413401
        0.0961923848      -17.7817874871
        0.0981963928      -17.7304025206
        0.1002004008      -17.6735594396
        0.1022044088      -17.6113359601
        0.1042084168      -17.5438137177
        0.1062124248      -17.4710774952
        0.1082164329      -17.3932144907
        0.1102204409      -17.3103136441
        0.1122244489      -17.2224650328
        0.1142284569      -17.1297593479
        0.1162324649      -17.0322874572
        0.1182364729      -16.9301400583
        0.1202404810      -16.8234074240
        0.1222444890      -16.7121792350
        0.1242484970      -16.5965444974
        0.1262525050      -16.4765915354
        0.1282565130      -16.3524080515
        0.1302605210      -16.2240812415
        0.1322645291      -16.0916979543
        0.1342685371      -15.9553448836
        0.1362725451      -15.8151087795
        0.1382765531      -15.6710766696
        0.1402805611      -15.5233360799
        0.1422845691      -15.3719752457
        0.1442885772      -15.2170833089
        0.1462925852      -15.0587504944
        0.1482965932      -14.8970682665
        0.1503006012      -14.7321294629
        0.1523046092      -14.5640284099
        0.1543086172      -14.3928610227
        0.1563126253      -14.2187248953
        0.1583166333      -14.0417193872
        0.1603206413      -13.8619457138
        0.1623246493      -13.6795070469
        0.1643286573      -13.4945086334
        0.1663326653      -13.3070579366
        0.1683366733      -13.1172648054
        0.1703406814      -12.9252416740
        0.1723446894      -12.7311037920
        0.1743486974      -12.5349694845
        0.1763527054      -12.3369604366
        0.1783567134      -12.1372019964
        0.1803607214      -11.9358234879
        0.1823647295      -11.7329585216
        0.1843687375      -11.5287452906
        0.1863727455      -11.3233268376
        0.1883767535      -11.1168512785
        0.1903807615      -10.9094719647
        0.1923847695      -10.7013475725
        0.1943887776      -10.4926421019
        0.1963927856      -10.2835247747
        0.1983967936      -10.0741698199
        0.2004008016       -9.8647561395
        0.2024048096       -9.6554668498
        0.2044088176       -9.4464886969
        0.2064128257       -9.2380113490
        0.2084168337       -9.0302265725
        0.2104208417       -8.8233273006
        0.2124248497       -8.6175066103
        0.2144288577       -8.4129566227
        0.2164328657       -8.2098673483
        0.2184368737       -8.0084254975
        0.2204408818       -7.8088132828
        0.2224448898       -7.6112072350
        0.2244488978       -7.4157770600
        0.2264529058       -7.2226845597
        0.2284569138       -7.0320826416
        0.2304609218       -6.8441144354
        0.2324649299       -6.6589125385
        0.2344689379       -6.4765984019
        0.2364729459       -6.2972818703
        0.2384769539       -6.1210608820
        0.2404809619       -5.9480213317
        0.2424849699       -5.7782370947
        0.2444889780       -5.6117702066
        0.2464929860       -5.4486711876
        0.2484969940       -5.2889794993
        0.2505010020       -5.1327241148
        0.2525050100       -4.9799241848
        0.2545090180       -4.8305897766
        0.2565130261       -4.6847226633
        0.2585170341       -4.5423171418
        0.2605210421       -4.4033608538
        0.2625250501       -4.2678355912
        0.2645290581       -4.1357180635
        0.2665330661       -4.0069806105
        0.2685370741       -3.8815918462
        0.2705410822       -3.7595172212
        0.2725450902       -3.6407194970
        0.2745490982       -3.5251591274
        0.2765531062       -3.4127945467
        0.2785571142       -3.3035823684
        0.2805611222       -3.1974775005
        0.2825651303       -3.0944331871
        0.2845691383       -2.9944009887
        0.2865731463       -2.8973307140
        0.2885771543       -2.8031703203
        0.2905811623       -2.7118657962
        0.2925851703       -2.6233610446
        0.2945891784       -2.5375977791
        0.2965931864       -2.4545154500
        0.2985971944       -2.3740512100
        0.3006012024       -2.2961399312
        0.3026052104       -2.2207142795
        0.3046092184       -2.1477048517
        0.3066132265       -2.0770403765
        0.3086172345       -2.0086479784
        0.3106212425       -1.9424534992
        0.3126252505       -1.8783818713
        0.3146292585       -1.8163575332
        0.3166332665       -1.7563048756
        0.3186372745       -1.6981487062
        0.3206412826       -1.6418147197
        0.3226452906       -1.5872299584
        0.3246492986       -1.5343232511
        0.3266533066       -1.4830256166
        0.3286573146       -1.4332706203
        0.3306613226       -1.3849946745
        0.3326653307       -1.3381372740
        0.3346693387       -1.2926411622
        0.3366733467       -1.2484524239
        0.3386773547       -1.2055205050
        0.3406813627       -1.1637981615
        0.3426853707       -1.1232413415
        0.3446893788       -1.0838090082
        0.3466933868       -1.0454629118
        0.3486973948       -1.0081673209
        0.3507014028       -0.9718887254
        0.3527054108       -0.9365955215
        0.3547094188       -0.9022576933
        0.3567134269       -0.8688465002
        0.3587174349       -0.8363341845
        0.3607214429       -0.8046937058
        0.3627254509       -0.7738985138
        0.3647294589       -0.7439223641
        0.3667334669       -0.7147391827
        0.3687374749       -0.6863229808
        0.3707414830       -0.6586478218
        0.3727454910       -0.6316878364
        0.3747494990       -0.6054172839
        0.3767535070       -0.5798106531
        0.3787575150       -0.5548427957
        0.3807615230       -0.5304890838
        0.3827655311       -0.5067255829
        0.3847695391       -0.4835292301
        0.3867735471       -0.4608780083
        0.3887775551       -0.4387511076
        0.3907815631       -0.4171290645
        0.3927855711       -0.3959938732
        0.3947895792       -0.3753290617
        0.3967935872       -0.3551197291
        0.3987975952       -0.3353525419
        0.4008016032       -0.3160156879
        0.4028056112       -0.2970987895
        0.4048096192       -0.2785927790
        0.4068136273       -0.2604897405
        0.4088176353       -0.2427827241
        0.4108216433       -0.2254655398
        0.4128256513       -0.2085325381
        0.4148296593       -0.1919783868
        0.4168336673       -0.1757978508
        0.4188376754       -0.1599855849
        0.4208416834       -0.1445359453
        0.4228456914       -0.1294428277
        0.4248496994       -0.1146995382
        0.4268537074       -0.1002986990
        0.4288577154       -0.0862321947
        0.4308617234       -0.0724911575
        0.4328657315       -0.0590659936
        0.4348697395       -0.0459464466
        0.4368737475       -0.0331216957
        0.4388777555       -0.0205804842
        0.4408817635       -0.0083112713
        0.4428857715        0.0036975984
        0.4448897796        0.0154577149
        0.4468937876        0.0269804207
        0.4488977956        0.0382766333
        0.4509018036        0.0493566788
        0.4529058116        0.0602301454
        0.4549098196        0.0709057588
        0.4569138277        0.0813912884
        0.4589178357        0.0916934831
        0.4609218437        0.1018180432
        0.4629258517        0.1117696247
        0.4649298597        0.1215518791
        0.4669338677        0.1311675239
        0.4689378758        0.1406184418
        0.4709418838        0.1499058036
        0.4729458918        0.1590302105
        0.4749498998        0.1679918493
        0.4769539078        0.1767906535
        0.4789579158        0.1854264663
        0.4809619238        0.1938991963
        0.4829659319        0.2022089627
        0.4849699399        0.2103562229
        0.4869739479        0.2183418791
        0.4889779559        0.2261673594
        0.4909819639        0.2338346724
        0.4929859719        0.2413464324
        0.4949899800        0.2487058562
        0.4969939880        0.2559167318
        0.4989979960        0.2629833613
        0.5010020040        0.2699104818
        0.5030060120        0.2767031665
        0.5050100200        0.2833667119
        0.5070140281        0.2899065160
        0.5090180361        0.2963279521
        0.5110220441        0.3026362432
        0.5130260521        0.3088363437
        0.5150300601        0.3149328314
        0.5170340681        0.3209298143
        0.5190380762        0.3268308568
        0.5210420842        0.3326389265
        0.5230460922        0.3383563644
        0.5250501002        0.3439848783
        0.5270541082        0.3495255603
        0.5290581162        0.3549789269
        0.5310621242        0.3603449795
        0.5330661323        0.3656232829
        0.5350701403        0.3708130586
        0.5370741483        0.3759132885
        0.5390781563        0.3809228255
        0.5410821643        0.3858405069
        0.5430861723        0.3906652647
        0.5450901804        0.3953962309
        0.5470941884        0.4000328324
        0.5490981964        0.4045748724
        0.5511022044        0.4090225965
        0.5531062124        0.4133767395
        0.5551102204        0.4176385539
        0.5571142285        0.4218098174
        0.5591182365        0.4258928205
        0.5611222445        0.4298903344
        0.5631262525        0.4338055624
        0.5651302605        0.4376420740
        0.5671342685        0.4414037275
        0.5691382766        0.4450945813
        0.5711422846        0.4487187993
        0.5731462926        0.4522805527
        0.5751503006        0.4557839219
        0.5771543086        0.4592328017
        0.5791583166        0.4626308137
        0.5811623246        0.4659812270
        0.5831663327        0.4692868921
        0.5851703407        0.4725501874
        0.5871743487        0.4757729819
        0.5891783567        0.4789566126
        0.5911823647        0.4821018803
        0.5931863727        0.4852090598
        0.5951903808        0.4882779268
        0.5971943888        0.4913077987
        0.5991983968        0.4942975887
        0.6012024048        0.4972458698
        0.6032064128        0.5001509487
        0.6052104208        0.5030109453
        0.6072144289        0.5058238763
        0.6092184369        0.5085877398
        0.6112224449        0.5113005995
        0.6132264529        0.5139606650
        0.6152304609        0.5165663659
        0.6172344689        0.5191164194
        0.6192384770        0.5216098880
        0.6212424850        0.5240462261
        0.6232464930        0.5264253158
        0.6252505010        0.5287474893
        0.6272545090        0.5310135391
        0.6292585170        0.5332247146
        0.6312625251        0.5353827067
        0.6332665331        0.5374896198
        0.6352705411        0.5395479323
        0.6372745491        0.5415604479
        0.6392785571        0.5435302368
        0.6412825651        0.5454605706
        0.6432865731        0.5473548508
        0.6452905812        0.5492165343
        0.6472945892        0.5510490558
        0.6492985972        0.5528557513
        0.6513026052        0.5546397826
        0.6533066132        0.5564040665
        0.6553106212        0.5581512086
        0.6573146293        0.5598834454
        0.6593186373        0.5616025946
        0.6613226453        0.5633100160
        0.6633266533        0.5650065840
        0.6653306613        0.5666926719
        0.6673346693        0.5683681497
        0.6693386774        0.5700323942
        0.6713426854        0.5716843137
        0.6733466934        0.5733223834
        0.6753507014        0.5749446949
        0.6773547094        0.5765490149
        0.6793587174        0.5781328542
        0.6813627255        0.5796935443
        0.6833667335        0.5812283196
        0.6853707415        0.5827344029
        0.6873747495        0.5842090924
        0.6893787575        0.5856498473
        0.6913827655        0.5870543689
        0.6933867735        0.5884206759
        0.6953907816        0.5897471709
        0.6973947896        0.5910326953
        0.6993987976        0.5922765727
        0.7014028056        0.5934786365
        0.7034068136        0.5946392433
        0.7054108216        0.5957592696
        0.7074148297        0.5968400922
        0.7094188377        0.5978835537
        0.7114228457        0.5988919119
        0.7134268537        0.5998677765
        0.7154308617        0.6008140345
        0.7174348697        0.6017337652
        0.7194388778        0.6026301504
        0.7214428858        0.6035063796
        0.7234468938        0.6043655558
        0.7254509018        0.6052106039
        0.7274549098        0.6060441853
        0.7294589178        0.6068686213
        0.7314629259        0.6076858288
        0.7334669339        0.6084972702
        0.7354709419        0.6093039191
        0.7374749499        0.6101062444
        0.7394789579        0.6109042113
        0.7414829659        0.6116973024
        0.7434869739        0.6124845548
        0.7454909820        0.6132646154
        0.7474949900        0.6140358092
        0.7494989980        0.6147962212
        0.7515030060        0.6155437869
        0.7535070140        0.6162763886
        0.7555110220        0.6169919543
        0.7575150301        0.6176885556
        0.7595190381        0.6183645001
        0.7615230461        0.6190184152
        0.7635270541        0.6196493202
        0.7655310621        0.6202566840
        0.7675350701        0.6208404655
        0.7695390782        0.6214011353
        0.7715430862        0.6219396779
        0.7735470942        0.6224575741
        0.7755511022        0.6229567641
        0.7775551102        0.6234395925
        0.7795591182        0.6239087374
        0.7815631263        0.6243671259
        0.7835671343        0.6248178400
        0.7855711423        0.6252640155
        0.7875751503        0.6257087381
        0.7895791583        0.6261549413
        0.7915831663        0.6266053094
        0.7935871743        0.6270621893
        0.7955911824        0.6275275157
        0.7975951904        0.6280027504
        0.7995991984        0.6284888411
        0.8016032064        0.6289861985
        0.8036072144        0.6294946939
        0.8056112224        0.6300136779
        0.8076152305        0.6305420182
        0.8096192385        0.6310781550
        0.8116232465        0.6316201732
        0.8136272545        0.6321658866
        0.8156312625        0.6327129311
        0.8176352705        0.6332588645
        0.8196392786        0.6338012657
        0.8216432866        0.6343378331
        0.8236472946        0.6348664738
        0.8256513026        0.6353853837
        0.8276553106        0.6358931127
        0.8296593186        0.6363886129
        0.8316633267        0.6368712684
        0.8336673347        0.6373409040
        0.8356713427        0.6377977742
        0.8376753507        0.6382425315
        0.8396793587        0.6386761759
        0.8416833667        0.6390999882
        0.8436873747        0.6395154488
        0.8456913828        0.6399241472
        0.8476953908        0.6403276844
        0.8496993988        0.6407275742
        0.8517034068        0.6411251463
        0.8537074148        0.6415214571
        0.8557114228        0.6419172105
        0.8577154309        0.6423126949
        0.8597194389        0.6427077369
        0.8617234469        0.6431016764
        0.8637274549        0.6434933627
        0.8657314629        0.6438811744
        0.8677354709        0.6442630610
        0.8697394790        0.6446366058
        0.8717434870        0.6449991082
        0.8737474950        0.6453476819
        0.8757515030        0.6456793658
        0.8777555110        0.6459912424
        0.8797595190        0.6462805606
        0.8817635271        0.6465448562
        0.8837675351        0.6467820664
        0.8857715431        0.6469906331
        0.8877755511        0.6471695906
        0.8897795591        0.6473186336
        0.8917835671        0.6474381632
        0.8937875752        0.6475293073
        0.8957915832        0.6475939158
        0.8977955912        0.6476345289
        0.8997995992        0.6476543195
        0.9018036072        0.6476570125
        0.9038076152        0.6476467826
        0.9058116232        0.6476281343
        0.9078156313        0.6476057694
        0.9098196393        0.6475844455
        0.9118236473        0.6475688323
        0.9138276553        0.6475633693
        0.9158316633        0.6475721316
        0.9178356713        0.6475987086
        0.9198396794        0.6476460992
        0.9218436874        0.6477166287
        0.9238476954        0.6478118897
        0.9258517034        0.6479327093
        0.9278557114        0.6480791432
        0.9298597194        0.6482504977
        0.9318637275        0.6484453776
        0.9338677355        0.6486617580
        0.9358717435        0.6488970776
        0.9378757515        0.6491483482
        0.9398797595        0.6494122775
        0.9418837675        0.6496853986
        0.9438877756        0.6499642025
        0.9458917836        0.6502452660
        0.9478957916        0.6505253723
        0.9498997996        0.6508016181
        0.9519038076        0.6510715022
        0.9539078156        0.6513329950
        0.9559118236        0.6515845830
        0.9579158317        0.6518252889
        0.9599198397        0.6520546671
        0.9619238477        0.6522727731
        0.9639278557        0.6524801115
        0.9659318637        0.6526775629
        0.9679358717        0.6528662944
        0.9699398798        0.6530476587
        0.9719438878        0.6532230851
        0.9739478958        0.6533939685
        0.9759519038        0.6535615631
        0.9779559118        0.6537268826
        0.9799599198        0.6538906154
        0.9819639279        0.6540530569
        0.9839679359        0.6542140632
        0.9859719439        0.6543730282
        0.9879759519        0.6545288869
        0.9899799599        0.6546801439
        0.9919839679        0.6548249274
        0.9939879760        0.6549610662
        0.9959919840        0.6550861873
        0.9979959920        0.6551978297
        1.0000000000        0.6552935706
