        0.0000000000       -9.7364066680
        0.0020040080       -9.5412102439
        0.0040080160       -9.3464956580
        0.0060120240       -9.1524185501
        0.0080160321       -8.9591343691
        0.0100200401       -8.7667977135
        0.0120240481       -8.5755616526
        0.0140280561       -8.3855770372
        0.0160320641       -8.1969918087
        0.0180360721       -8.0099503173
        0.0200400802       -7.8245926574
        0.0220440882       -7.6410540320
        0.0240480962       -7.4594641527
        0.0260521042       -7.2799466866
        0.0280561122       -7.1026187560
        0.0300601202       -6.9275904989
        0.0320641283       -6.7549646947
        0.0340681363       -6.5848364625
        0.0360721443       -6.4172930310
        0.0380761523       -6.2524135856
        0.0400801603       -6.0902691905
        0.0420841683       -5.9309227854
        0.0440881764       -5.7744292541
        0.0460921844       -5.6208355610
        0.0480961924       -5.4701809496
        0.0501002004       -5.3224971983
        0.0521042084       -5.1778089239
        0.0541082164       -5.0361339268
        0.0561122244       -4.8974835686
        0.0581162325       -4.7618631733
        0.0601202405       -4.6292724429
        0.0621242485       -4.4997058802
        0.0641282565       -4.3731532088
        0.0661322645       -4.2495997835
        0.0681362725       -4.1290269841
        0.0701402806       -4.0114125873
        0.0721442886       -3.8967311101
        0.0741482966       -3.7849541229
        0.0761523046       -3.6760505283
        0.0781563126       -3.5699868059
        0.0801603206       -3.4667272206
        0.0821643287       -3.3662339985
        0.0841683367       -3.2684674701
        0.0861723447       -3.1733861852
        0.0881763527       -3.0809470032
        0.0901803607       -2.9911051629
        0.0921843687       -2.9038143381
        0.0941883768       -2.8190266826
        0.0961923848       -2.7366928718
        0.0981963928       -2.6567621444
        0.1002004008       -2.5791823508
        0.1022044088       -2.5039000120
        0.1042084168       -2.4308603920
        0.1062124248       -2.3600075886
        0.1082164329       -2.2912846434
        0.1102204409       -2.2246336729
        0.1122244489       -2.1599960209
        0.1142284569       -2.0973124314
        0.1162324649       -2.0365232412
        0.1182364729       -1.9775685886
        0.1202404810       -1.9203886355
        0.1222444890       -1.8649237996
        0.1242484970       -1.8111149915
        0.1262525050       -1.7589038514
        0.1282565130       -1.7082329823
        0.1302605210       -1.6590461724
        0.1322645291       -1.6112886035
        0.1342685371       -1.5649070402
        0.1362725451       -1.5198499949
        0.1382765531       -1.4760678671
        0.1402805611       -1.4335130526
        0.1422845691       -1.3921400206
        0.1442885772       -1.3519053589
        0.1462925852       -1.3127677860
        0.1482965932       -1.2746881308
        0.1503006012       -1.2376292822
        0.1523046092       -1.2015561108
        0.1543086172       -1.1664353659
        0.1563126253       -1.1322355514
        0.1583166333       -1.0989267860
        0.1603206413       -1.0664806513
        0.1623246493       -1.0348700338
        0.1643286573       -1.0040689650
        0.1663326653       -0.9740524654
        0.1683366733       -0.9447963966
        0.1703406814       -0.9162773256
        0.1723446894       -0.8884724052
        0.1743486974       -0.8613592741
        0.1763527054       -0.8349159778
        0.1783567134       -0.8091209126
        0.1803607214       -0.7839527932
        0.1823647295       -0.7593906434
        0.1843687375       -0.7354138088
        0.1863727455       -0.7120019899
        0.1883767535       -0.6891352927
        0.1903807615       -0.6667942932
        0.1923847695       -0.6449601135
        0.1943887776       -0.6236145037
        0.1963927856       -0.6027399262
        0.1983967936       -0.5823196383
        0.2004008016       -0.5623377685
        0.2024048096       -0.5427793829
        0.2044088176       -0.5236305373
        0.2064128257       -0.5048783137
        0.2084168337       -0.4865108368
        0.2104208417       -0.4685172707
        0.2124248497       -0.4508877934
        0.2144288577       -0.4336135503
        0.2164328657       -0.4166865866
        0.2184368737       -0.4000997604
        0.2204408818       -0.3838466389
        0.2224448898       -0.3679213807
        0.2244488978       -0.3523186072
        0.2264529058       -0.3370332674
        0.2284569138       -0.3220605005
        0.2304609218       -0.3073955000
        0.2324649299       -0.2930333840
        0.2344689379       -0.2789690764
        0.2364729459       -0.2651972016
        0.2384769539       -0.2517119977
        0.2404809619       -0.2385072493
        0.2424849699       -0.2255762441
        0.2444889780       -0.2129117527
        0.2464929860       -0.2005060340
        0.2484969940       -0.1883508647
        0.2505010020       -0.1764375929
        0.2525050100       -0.1647572127
        0.2545090180       -0.1533004590
        0.2565130261       -0.1420579174
        0.2585170341       -0.1310201472
        0.2605210421       -0.1201778113
        0.2625250501       -0.1095218105
        0.2645290581       -0.0990434163
        0.2665330661       -0.0887343979
        0.2685370741       -0.0785871391
        0.2705410822       -0.0685947407
        0.2725450902       -0.0587511050
        0.2745490982       -0.0490509990
        0.2765531062       -0.0394900948
        0.2785571142       -0.0300649839
        0.2805611222       -0.0207731665
        0.2825651303       -0.0116130146
        0.2845691383       -0.0025837105
        0.2865731463        0.0063148375
        0.2885771543        0.0150821005
        0.2905811623        0.0237170512
        0.2925851703        0.0322182991
        0.2945891784        0.0405842355
        0.2965931864        0.0488131828
        0.2985971944        0.0569035427
        0.3006012024        0.0648539405
        0.3026052104        0.0726633587
        0.3046092184        0.0803312573
        0.3066132265        0.0878576756
        0.3086172345        0.0952433128
        0.3106212425        0.1024895857
        0.3126252505        0.1095986595
        0.3146292585        0.1165734526
        0.3166332665        0.1234176150
        0.3186372745        0.1301354801
        0.3206412826        0.1367319926
        0.3226452906        0.1432126141
        0.3246492986        0.1495832103
        0.3266533066        0.1558499228
        0.3286573146        0.1620190303
        0.3306613226        0.1680968034
        0.3326653307        0.1740893578
        0.3346693387        0.1800025116
        0.3366733467        0.1858416498
        0.3386773547        0.1916116019
        0.3406813627        0.1973165359
        0.3426853707        0.2029598725
        0.3446893788        0.2085442218
        0.3466933868        0.2140713454
        0.3486973948        0.2195421443
        0.3507014028        0.2249566735
        0.3527054108        0.2303141830
        0.3547094188        0.2356131829
        0.3567134269        0.2408515313
        0.3587174349        0.2460265427
        0.3607214429        0.2511351114
        0.3627254509        0.2561738479
        0.3647294589        0.2611392234
        0.3667334669        0.2660277163
        0.3687374749        0.2708359587
        0.3707414830        0.2755608753
        0.3727454910        0.2801998129
        0.3747494990        0.2847506543
        0.3767535070        0.2892119148
        0.3787575150        0.2935828166
        0.3807615230        0.2978633408
        0.3827655311        0.3020542542
        0.3847695391        0.3061571098
        0.3867735471        0.3101742236
        0.3887775551        0.3141086256
        0.3907815631        0.3179639890
        0.3927855711        0.3217445395
        0.3947895792        0.3254549471
        0.3967935872        0.3291002055
        0.3987975952        0.3326855019
        0.4008016032        0.3362160818
        0.4028056112        0.3396971137
        0.4048096192        0.3431335576
        0.4068136273        0.3465300419
        0.4088176353        0.3498907518
        0.4108216433        0.3532193343
        0.4128256513        0.3565188203
        0.4148296593        0.3597915685
        0.4168336673        0.3630392313
        0.4188376754        0.3662627430
        0.4208416834        0.3694623323
        0.4228456914        0.3726375563
        0.4248496994        0.3757873556
        0.4268537074        0.3789101280
        0.4288577154        0.3820038187
        0.4308617234        0.3850660222
        0.4328657315        0.3880940946
        0.4348697395        0.3910852703
        0.4368737475        0.3940367799
        0.4388777555        0.3969459661
        0.4408817635        0.3998103922
        0.4428857715        0.4026279410
        0.4448897796        0.4053969002
        0.4468937876        0.4081160319
        0.4488977956        0.4107846240
        0.4509018036        0.4134025221
        0.4529058116        0.4159701410
        0.4549098196        0.4184884562
        0.4569138277        0.4209589749
        0.4589178357        0.4233836899
        0.4609218437        0.4257650154
        0.4629258517        0.4281057100
        0.4649298597        0.4304087876
        0.4669338677        0.4326774212
        0.4689378758        0.4349148415
        0.4709418838        0.4371242348
        0.4729458918        0.4393086441
        0.4749498998        0.4414708753
        0.4769539078        0.4436134136
        0.4789579158        0.4457383509
        0.4809619238        0.4478473293
        0.4829659319        0.4499414984
        0.4849699399        0.4520214927
        0.4869739479        0.4540874250
        0.4889779559        0.4561388988
        0.4909819639        0.4581750382
        0.4929859719        0.4601945339
        0.4949899800        0.4621957030
        0.4969939880        0.4641765618
        0.4989979960        0.4661349077
        0.5010020040        0.4680684074
        0.5030060120        0.4699746890
        0.5050100200        0.4718514336
        0.5070140281        0.4736964643
        0.5090180361        0.4755078289
        0.5110220441        0.4772838739
        0.5130260521        0.4790233069
        0.5150300601        0.4807252455
        0.5170340681        0.4823892514
        0.5190380762        0.4840153489
        0.5210420842        0.4856040261
        0.5230460922        0.4871562208
        0.5250501002        0.4886732901
        0.5270541082        0.4901569665
        0.5290581162        0.4916093002
        0.5310621242        0.4930325928
        0.5330661323        0.4944293210
        0.5350701403        0.4958020572
        0.5370741483        0.4971533861
        0.5390781563        0.4984858233
        0.5410821643        0.4998017367
        0.5430861723        0.5011032747
        0.5450901804        0.5023923033
        0.5470941884        0.5036703541
        0.5490981964        0.5049385846
        0.5511022044        0.5061977539
        0.5531062124        0.5074482120
        0.5551102204        0.5086899046
        0.5571142285        0.5099223934
        0.5591182365        0.5111448895
        0.5611222445        0.5123563002
        0.5631262525        0.5135552867
        0.5651302605        0.5147403305
        0.5671342685        0.5159098064
        0.5691382766        0.5170620596
        0.5711422846        0.5181954834
        0.5731462926        0.5193085956
        0.5751503006        0.5204001100
        0.5771543086        0.5214690014
        0.5791583166        0.5225145609
        0.5811623246        0.5235364396
        0.5831663327        0.5245346801
        0.5851703407        0.5255097329
        0.5871743487        0.5264624587
        0.5891783567        0.5273941157
        0.5911823647        0.5283063318
        0.5931863727        0.5292010632
        0.5951903808        0.5300805410
        0.5971943888        0.5309472060
        0.5991983968        0.5318036360
        0.6012024048        0.5326524658
        0.6032064128        0.5334963042
        0.6052104208        0.5343376497
        0.6072144289        0.5351788079
        0.6092184369        0.5360218138
        0.6112224449        0.5368683610
        0.6132264529        0.5377197399
        0.6152304609        0.5385767884
        0.6172344689        0.5394398543
        0.6192384770        0.5403087739
        0.6212424850        0.5411828643
        0.6232464930        0.5420609321
        0.6252505010        0.5429412977
        0.6272545090        0.5438218336
        0.6292585170        0.5447000177
        0.6312625251        0.5455729978
        0.6332665331        0.5464376670
        0.6352705411        0.5472907470
        0.6372745491        0.5481288781
        0.6392785571        0.5489487110
        0.6412825651        0.5497470006
        0.6432865731        0.5505206966
        0.6452905812        0.5512670301
        0.6472945892        0.5519835928
        0.6492985972        0.5526684066
        0.6513026052        0.5533199828
        0.6533066132        0.5539373672
        0.6553106212        0.5545201723
        0.6573146293        0.5550685939
        0.6593186373        0.5555834131
        0.6613226453        0.5560659825
        0.6633266533        0.5565181985
        0.6653306613        0.5569424594
        0.6673346693        0.5573416113
        0.6693386774        0.5577188829
        0.6713426854        0.5580778117
        0.6733466934        0.5584221628
        0.6753507014        0.5587558435
        0.6773547094        0.5590828150
        0.6793587174        0.5594070043
        0.6813627255        0.5597322185
        0.6833667335        0.5600620629
        0.6853707415        0.5603998660
        0.6873747495        0.5607486119
        0.6893787575        0.5611108834
        0.6913827655        0.5614888143
        0.6933867735        0.5618840553
        0.6953907816        0.5622977500
        0.6973947896        0.5627305252
        0.6993987976        0.5631824924
        0.7014028056        0.5636532615
        0.7034068136        0.5641419653
        0.7054108216        0.5646472948
        0.7074148297        0.5651675428
        0.7094188377        0.5657006548
        0.7114228457        0.5662442868
        0.7134268537        0.5667958660
        0.7154308617        0.5673526556
        0.7174348697        0.5679118194
        0.7194388778        0.5684704862
        0.7214428858        0.5690258122
        0.7234468938        0.5695750392
        0.7254509018        0.5701155487
        0.7274549098        0.5706449095
        0.7294589178        0.5711609187
        0.7314629259        0.5716616359
        0.7334669339        0.5721454084
        0.7354709419        0.5726108899
        0.7374749499        0.5730570502
        0.7394789579        0.5734831775
        0.7414829659        0.5738888734
        0.7434869739        0.5742740413
        0.7454909820        0.5746388689
        0.7474949900        0.5749838050
        0.7494989980        0.5753095325
        0.7515030060        0.5756169382
        0.7535070140        0.5759070798
        0.7555110220        0.5761811518
        0.7575150301        0.5764404514
        0.7595190381        0.5766863444
        0.7615230461        0.5769202325
        0.7635270541        0.5771435230
        0.7655310621        0.5773576009
        0.7675350701        0.5775638043
        0.7695390782        0.5777634033
        0.7715430862        0.5779575827
        0.7735470942        0.5781474289
        0.7755511022        0.5783339205
        0.7775551102        0.5785179227
        0.7795591182        0.5787001853
        0.7815631263        0.5788813447
        0.7835671343        0.5790619276
        0.7855711423        0.5792423583
        0.7875751503        0.5794229677
        0.7895791583        0.5796040034
        0.7915831663        0.5797856412
        0.7935871743        0.5799679972
        0.7955911824        0.5801511391
        0.7975951904        0.5803350982
        0.7995991984        0.5805198794
        0.8016032064        0.5807054705
        0.8036072144        0.5808918497
        0.8056112224        0.5810789919
        0.8076152305        0.5812668724
        0.8096192385        0.5814554690
        0.8116232465        0.5816447625
        0.8136272545        0.5818347349
        0.8156312625        0.5820253665
        0.8176352705        0.5822166310
        0.8196392786        0.5824084902
        0.8216432866        0.5826008878
        0.8236472946        0.5827937421
        0.8256513026        0.5829869402
        0.8276553106        0.5831803310
        0.8296593186        0.5833737200
        0.8316633267        0.5835668653
        0.8336673347        0.5837594742
        0.8356713427        0.5839512024
        0.8376753507        0.5841416547
        0.8396793587        0.5843303882
        0.8416833667        0.5845169169
        0.8436873747        0.5847007191
        0.8456913828        0.5848812467
        0.8476953908        0.5850579362
        0.8496993988        0.5852302212
        0.8517034068        0.5853975468
        0.8537074148        0.5855593838
        0.8557114228        0.5857152445
        0.8577154309        0.5858646978
        0.8597194389        0.5860073835
        0.8617234469        0.5861430268
        0.8637274549        0.5862714494
        0.8657314629        0.5863925804
        0.8677354709        0.5865064636
        0.8697394790        0.5866132624
        0.8717434870        0.5867132618
        0.8737474950        0.5868068668
        0.8757515030        0.5868945974
        0.8777555110        0.5869770809
        0.8797595190        0.5870550400
        0.8817635271        0.5871292787
        0.8837675351        0.5872006650
        0.8857715431        0.5872701119
        0.8877755511        0.5873385559
        0.8897795591        0.5874069351
        0.8917835671        0.5874761666
        0.8937875752        0.5875471239
        0.8957915832        0.5876206154
        0.8977955912        0.5876973640
        0.8997995992        0.5877779902
        0.9018036072        0.5878629958
        0.9038076152        0.5879527533
        0.9058116232        0.5880474973
        0.9078156313        0.5881473205
        0.9098196393        0.5882521737
        0.9118236473        0.5883618703
        0.9138276553        0.5884760947
        0.9158316633        0.5885944138
        0.9178356713        0.5887162932
        0.9198396794        0.5888411151
        0.9218436874        0.5889681987
        0.9238476954        0.5890968229
        0.9258517034        0.5892262483
        0.9278557114        0.5893557407
        0.9298597194        0.5894845920
        0.9318637275        0.5896121409
        0.9338677355        0.5897377899
        0.9358717435        0.5898610202
        0.9378757515        0.5899814017
        0.9398797595        0.5900986000
        0.9418837675        0.5902123781
        0.9438877756        0.5903225941
        0.9458917836        0.5904291943
        0.9478957916        0.5905322019
        0.9498997996        0.5906317023
        0.9519038076        0.5907278251
        0.9539078156        0.5908207233
        0.9559118236        0.5909105515
        0.9579158317        0.5909974433
        0.9599198397        0.5910814888
        0.9619238477        0.5911627139
        0.9639278557        0.5912410620
        0.9659318637        0.5913163789
        0.9679358717        0.5913884025
        0.9699398798        0.5914567567
        0.9719438878        0.5915209520
        0.9739478958        0.5915803907
        0.9759519038        0.5916343796
        0.9779559118        0.5916821476
        0.9799599198        0.5917228698
        0.9819639279        0.5917556959
        0.9839679359        0.5917797838
        0.9859719439        0.5917943359
        0.9879759519        0.5917986378
        0.9899799599        0.5917920978
        0.9919839679        0.5917742854
        0.9939879760        0.5917449685
        0.9959919840        0.5917041459
        0.9979959920        0.5916520757
        1.0000000000        0.5915892970
