 &plot nbnd=  26, nks=    91 /
            0.000000  0.000000  0.000000
  -49.388  -27.657  -27.187  -27.187  -17.507  -16.921   -6.862   -4.848   -4.287   -4.287
   -4.045   -4.045   -0.290    1.418    1.418    2.250    2.250    2.541    3.487    3.570
    4.361    4.941    5.864    6.431    8.094    9.259
            0.016667  0.009623  0.000000
  -49.387  -27.656  -27.189  -27.187  -17.505  -16.921   -6.859   -4.851   -4.298   -4.287
   -4.050   -4.048   -0.289    1.414    1.421    2.246    2.254    2.554    3.493    3.577
    4.367    4.950    5.875    6.437    8.098    9.209
            0.033333  0.019245  0.000000
  -49.387  -27.655  -27.193  -27.188  -17.499  -16.919   -6.849   -4.859   -4.329   -4.286
   -4.065   -4.058   -0.289    1.402    1.431    2.237    2.266    2.595    3.511    3.596
    4.387    4.977    5.910    6.454    8.110    9.106
            0.050000  0.028868  0.000000
  -49.386  -27.653  -27.200  -27.190  -17.488  -16.917   -6.833   -4.873   -4.380   -4.285
   -4.089   -4.074   -0.290    1.384    1.446    2.223    2.287    2.662    3.540    3.627
    4.419    5.020    5.968    6.483    8.129    8.979
            0.066667  0.038490  0.000000
  -49.386  -27.651  -27.210  -27.192  -17.473  -16.914   -6.810   -4.892   -4.449   -4.283
   -4.122   -4.095   -0.291    1.362    1.468    2.207    2.315    2.751    3.581    3.668
    4.465    5.076    6.049    6.523    8.155    8.839
            0.083333  0.048113  0.000000
  -49.384  -27.648  -27.222  -27.194  -17.455  -16.910   -6.781   -4.918   -4.534   -4.281
   -4.163   -4.123   -0.294    1.338    1.497    2.191    2.350    2.860    3.635    3.720
    4.523    5.142    6.153    6.574    8.187    8.693
            0.100000  0.057735  0.000000
  -49.383  -27.644  -27.237  -27.197  -17.432  -16.905   -6.747   -4.949   -4.633   -4.279
   -4.209   -4.155   -0.301    1.316    1.532    2.178    2.392    2.985    3.700    3.780
    4.592    5.217    6.280    6.634    8.225    8.547
            0.116667  0.067358  0.000000
  -49.382  -27.639  -27.254  -27.201  -17.406  -16.899   -6.709   -4.988   -4.743   -4.277
   -4.261   -4.192   -0.311    1.299    1.575    2.168    2.438    3.121    3.777    3.848
    4.674    5.299    6.426    6.704    8.267    8.404
            0.133333  0.076980  0.000000
  -49.380  -27.634  -27.273  -27.205  -17.377  -16.892   -6.665   -5.033   -4.863   -4.314
   -4.275   -4.233   -0.327    1.289    1.625    2.164    2.489    3.263    3.868    3.925
    4.767    5.385    6.588    6.782    8.269    8.311
            0.150000  0.086603  0.000000
  -49.378  -27.629  -27.294  -27.209  -17.345  -16.885   -6.619   -5.086   -4.988   -4.369
   -4.277   -4.274   -0.349    1.291    1.682    2.166    2.543    3.409    3.970    4.009
    4.870    5.477    6.762    6.866    8.145    8.352
            0.166667  0.096225  0.000000
  -49.376  -27.623  -27.316  -27.214  -17.310  -16.877   -6.569   -5.147   -5.118   -4.423
   -4.323   -4.272   -0.377    1.305    1.748    2.173    2.600    3.553    4.085    4.100
    4.983    5.574    6.943    6.955    8.038    8.384
            0.183333  0.105848  0.000000
  -49.374  -27.617  -27.340  -27.219  -17.273  -16.869   -6.518   -5.251   -5.216   -4.475
   -4.372   -4.272   -0.410    1.333    1.821    2.187    2.658    3.696    4.200    4.210
    5.104    5.676    7.044    7.121    7.952    8.401
            0.200000  0.115470  0.000000
  -49.371  -27.610  -27.364  -27.224  -17.234  -16.860   -6.467   -5.383   -5.291   -4.523
   -4.421   -4.271   -0.448    1.376    1.902    2.206    2.716    3.836    4.306    4.342
    5.230    5.783    7.126    7.287    7.896    8.399
            0.216667  0.125093  0.000000
  -49.369  -27.603  -27.390  -27.230  -17.193  -16.851   -6.416   -5.513   -5.372   -4.567
   -4.472   -4.271   -0.490    1.433    1.991    2.230    2.773    3.973    4.421    4.478
    5.357    5.895    7.194    7.425    7.882    8.390
            0.233333  0.134715  0.000000
  -49.367  -27.596  -27.415  -27.235  -17.151  -16.841   -6.369   -5.638   -5.458   -4.607
   -4.522   -4.272   -0.532    1.503    2.087    2.258    2.830    4.109    4.542    4.617
    5.481    6.013    7.240    7.516    7.916    8.398
            0.250000  0.144338  0.000000
  -49.364  -27.589  -27.441  -27.241  -17.109  -16.832   -6.329   -5.754   -5.548   -4.642
   -4.571   -4.274   -0.575    1.586    2.190    2.288    2.884    4.244    4.671    4.756
    5.598    6.136    7.266    7.547    7.997    8.443
            0.266667  0.153960  0.000000
  -49.362  -27.582  -27.467  -27.246  -17.066  -16.822   -6.302   -5.854   -5.638   -4.674
   -4.620   -4.276   -0.617    1.681    2.300    2.321    2.936    4.378    4.807    4.894
    5.705    6.263    7.283    7.527    8.111    8.523
            0.283333  0.163583  0.000000
  -49.359  -27.575  -27.492  -27.252  -17.024  -16.812   -6.301   -5.927   -5.729   -4.703
   -4.667   -4.279   -0.655    1.786    2.354    2.416    2.984    4.509    4.951    5.031
    5.800    6.395    7.300    7.474    8.245    8.620
            0.300000  0.173205  0.000000
  -49.357  -27.568  -27.517  -27.257  -16.982  -16.803   -6.335   -5.961   -5.819   -4.728
   -4.712   -4.282   -0.690    1.900    2.387    2.536    3.030    4.635    5.101    5.167
    5.883    6.530    7.322    7.409    8.388    8.717
            0.316667  0.182828  0.000000
  -49.355  -27.561  -27.541  -27.262  -16.941  -16.793   -6.400   -5.961   -5.905   -4.755
   -4.750   -4.286   -0.720    2.021    2.419    2.660    3.071    4.753    5.257    5.301
    5.959    6.664    7.346    7.351    8.530    8.803
            0.333333  0.192450  0.000000
  -49.352  -27.563  -27.555  -27.267  -16.902  -16.784   -6.479   -5.988   -5.944   -4.796
   -4.770   -4.290   -0.746    2.148    2.450    2.787    3.109    4.860    5.420    5.433
    6.032    6.792    7.296    7.386    8.659    8.871
            0.350000  0.202073  0.000000
  -49.350  -27.584  -27.549  -27.272  -16.865  -16.776   -6.561   -6.066   -5.921   -4.833
   -4.787   -4.294   -0.767    2.279    2.478    2.913    3.142    4.954    5.559    5.587
    6.108    6.896    7.282    7.428    8.763    8.914
            0.366667  0.211695  0.000000
  -49.349  -27.604  -27.543  -27.276  -16.830  -16.768   -6.640   -6.138   -5.896   -4.867
   -4.802   -4.298   -0.783    2.412    2.503    3.038    3.172    5.032    5.670    5.759
    6.198    6.948    7.331    7.479    8.826    8.926
            0.383333  0.221318  0.000000
  -49.347  -27.621  -27.538  -27.280  -16.799  -16.760   -6.713   -6.203   -5.872   -4.898
   -4.814   -4.302   -0.795    2.525    2.544    3.158    3.198    5.097    5.756    5.934
    6.312    6.954    7.441    7.541    8.829    8.902
            0.400000  0.230940  0.000000
  -49.345  -27.637  -27.533  -27.284  -16.770  -16.754   -6.778   -6.261   -5.851   -4.925
   -4.825   -4.305   -0.803    2.544    2.672    3.220    3.272    5.150    5.808    6.106
    6.457    6.945    7.579    7.613    8.773    8.842
            0.416667  0.240563  0.000000
  -49.344  -27.651  -27.530  -27.287  -16.748  -16.746   -6.835   -6.311   -5.833   -4.948
   -4.834   -4.309   -0.808    2.560    2.791    3.239    3.376    5.194    5.829    6.270
    6.631    6.944    7.692    7.723    8.681    8.754
            0.433333  0.250185  0.000000
  -49.343  -27.662  -27.526  -27.289  -16.744  -16.725   -6.882   -6.352   -5.818   -4.967
   -4.841   -4.312   -0.811    2.572    2.898    3.254    3.467    5.232    5.827    6.413
    6.826    6.968    7.772    7.850    8.577    8.657
            0.450000  0.259808  0.000000
  -49.342  -27.671  -27.524  -27.291  -16.740  -16.709   -6.920   -6.385   -5.807   -4.982
   -4.846   -4.314   -0.813    2.582    2.989    3.265    3.542    5.264    5.811    6.516
    7.035    7.037    7.840    7.927    8.465    8.591
            0.466667  0.269430  0.000000
  -49.341  -27.677  -27.522  -27.293  -16.737  -16.697   -6.947   -6.409   -5.798   -4.993
   -4.850   -4.316   -0.814    2.589    3.058    3.273    3.598    5.289    5.790    6.574
    7.142    7.254    7.878    7.916    8.332    8.600
            0.483333  0.279053  0.000000
  -49.341  -27.681  -27.521  -27.293  -16.735  -16.690   -6.963   -6.423   -5.794   -4.999
   -4.852   -4.317   -0.814    2.593    3.101    3.278    3.633    5.306    5.773    6.600
    7.257    7.465    7.843    7.858    8.199    8.663
            0.500000  0.288675  0.000000
  -49.341  -27.682  -27.520  -27.294  -16.735  -16.688   -6.968   -6.427   -5.792   -5.001
   -4.853   -4.317   -0.814    2.594    3.116    3.280    3.644    5.313    5.766    6.607
    7.314    7.594    7.797    7.798    8.146    8.701
            0.494444  0.298298  0.000000
  -49.341  -27.682  -27.520  -27.294  -16.735  -16.687   -6.967   -6.427   -5.792   -5.004
   -4.852   -4.320   -0.811    2.596    3.114    3.278    3.642    5.317    5.770    6.611
    7.315    7.596    7.799    7.799    8.147    8.702
            0.488889  0.307920  0.000000
  -49.341  -27.681  -27.520  -27.295  -16.735  -16.687   -6.963   -6.427   -5.791   -5.011
   -4.849   -4.331   -0.804    2.604    3.109    3.274    3.633    5.329    5.781    6.622
    7.316    7.601    7.803    7.803    8.152    8.706
            0.483333  0.317543  0.000000
  -49.341  -27.680  -27.520  -27.297  -16.734  -16.685   -6.957   -6.427   -5.790   -5.023
   -4.845   -4.348   -0.792    2.616    3.101    3.267    3.620    5.348    5.800    6.642
    7.319    7.611    7.810    7.811    8.159    8.713
            0.477778  0.327165  0.000000
  -49.341  -27.679  -27.520  -27.300  -16.734  -16.684   -6.948   -6.427   -5.788   -5.037
   -4.840   -4.371   -0.776    2.633    3.089    3.257    3.604    5.371    5.829    6.669
    7.323    7.624    7.819    7.822    8.169    8.701
            0.472222  0.336788  0.000000
  -49.340  -27.677  -27.519  -27.303  -16.733  -16.681   -6.937   -6.427   -5.786   -5.055
   -4.836   -4.400   -0.755    2.654    3.073    3.247    3.584    5.398    5.868    6.704
    7.328    7.640    7.831    7.836    8.181    8.682
            0.466667  0.346410  0.000000
  -49.340  -27.675  -27.519  -27.307  -16.732  -16.679   -6.923   -6.427   -5.783   -5.074
   -4.832   -4.435   -0.730    2.678    3.053    3.235    3.564    5.426    5.917    6.745
    7.334    7.660    7.844    7.853    8.195    8.658
            0.461111  0.356033  0.000000
  -49.340  -27.673  -27.518  -27.312  -16.731  -16.675   -6.908   -6.427   -5.780   -5.094
   -4.829   -4.476   -0.700    2.703    3.028    3.224    3.543    5.454    5.978    6.792
    7.341    7.683    7.860    7.873    8.210    8.628
            0.455556  0.365655  0.000000
  -49.340  -27.670  -27.518  -27.318  -16.730  -16.672   -6.889   -6.427   -5.777   -5.115
   -4.827   -4.522   -0.667    2.729    2.998    3.215    3.523    5.482    6.048    6.844
    7.349    7.709    7.876    7.897    8.226    8.595
            0.450000  0.375278  0.000000
  -49.340  -27.667  -27.517  -27.324  -16.729  -16.668   -6.869   -6.428   -5.773   -5.137
   -4.826   -4.572   -0.631    2.754    2.964    3.210    3.503    5.509    6.128    6.902
    7.358    7.736    7.892    7.924    8.239    8.563
            0.444444  0.384900  0.000000
  -49.339  -27.664  -27.516  -27.331  -16.727  -16.663   -6.846   -6.428   -5.769   -5.159
   -4.826   -4.626   -0.591    2.775    2.925    3.212    3.484    5.537    6.216    6.964
    7.368    7.764    7.908    7.954    8.248    8.540
            0.438889  0.394523  0.000000
  -49.339  -27.660  -27.516  -27.338  -16.726  -16.659   -6.821   -6.429   -5.765   -5.180
   -4.828   -4.684   -0.548    2.790    2.884    3.221    3.465    5.564    6.311    7.030
    7.378    7.788    7.923    7.988    8.253    8.531
            0.433333  0.404145  0.000000
  -49.339  -27.656  -27.515  -27.346  -16.724  -16.654   -6.794   -6.431   -5.760   -5.201
   -4.831   -4.745   -0.502    2.798    2.841    3.240    3.446    5.593    6.410    7.098
    7.390    7.803    7.940    8.025    8.258    8.537
            0.427778  0.413768  0.000000
  -49.339  -27.652  -27.514  -27.354  -16.723  -16.649   -6.766   -6.433   -5.756   -5.221
   -4.835   -4.808   -0.453    2.795    2.798    3.269    3.426    5.623    6.513    7.168
    7.403    7.799    7.965    8.065    8.268    8.558
            0.422222  0.423390  0.000000
  -49.338  -27.647  -27.513  -27.362  -16.721  -16.643   -6.735   -6.436   -5.751   -5.240
   -4.873   -4.841   -0.403    2.749    2.792    3.306    3.406    5.655    6.616    7.239
    7.419    7.777    8.000    8.109    8.288    8.589
            0.416667  0.433013  0.000000
  -49.338  -27.643  -27.512  -27.371  -16.719  -16.638   -6.702   -6.439   -5.747   -5.257
   -4.940   -4.847   -0.351    2.702    2.781    3.349    3.385    5.689    6.717    7.307
    7.438    7.742    8.043    8.157    8.318    8.627
            0.411111  0.442635  0.000000
  -49.338  -27.638  -27.512  -27.381  -16.717  -16.633   -6.668   -6.443   -5.742   -5.273
   -5.008   -4.854   -0.297    2.656    2.766    3.362    3.396    5.725    6.812    7.366
    7.468    7.705    8.091    8.208    8.358    8.671
            0.405556  0.452258  0.000000
  -49.337  -27.632  -27.511  -27.390  -16.716  -16.627   -6.632   -6.447   -5.738   -5.287
   -5.077   -4.862   -0.243    2.610    2.750    3.338    3.446    5.763    6.896    7.408
    7.516    7.675    8.144    8.263    8.405    8.718
            0.400000  0.461880  0.000000
  -49.337  -27.627  -27.510  -27.400  -16.714  -16.621   -6.595   -6.452   -5.733   -5.300
   -5.146   -4.871   -0.188    2.566    2.732    3.313    3.498    5.803    6.959    7.435
    7.580    7.661    8.199    8.321    8.459    8.769
            0.394444  0.471503  0.000000
  -49.337  -27.621  -27.509  -27.409  -16.712  -16.616   -6.557   -6.458   -5.729   -5.310
   -5.214   -4.880   -0.133    2.525    2.715    3.287    3.549    5.844    6.995    7.455
    7.649    7.675    8.257    8.383    8.519    8.822
            0.388889  0.481125  0.000000
  -49.337  -27.615  -27.508  -27.419  -16.711  -16.611   -6.518   -6.463   -5.725   -5.319
   -5.282   -4.890   -0.080    2.485    2.697    3.260    3.598    5.887    7.000    7.473
    7.718    7.720    8.317    8.448    8.583    8.876
            0.383333  0.490748  0.000000
  -49.336  -27.609  -27.507  -27.429  -16.709  -16.606   -6.478   -6.470   -5.722   -5.348
   -5.326   -4.900   -0.027    2.450    2.681    3.232    3.646    5.932    6.978    7.491
    7.787    7.790    8.378    8.517    8.653    8.931
            0.377778  0.500370  0.000000
  -49.336  -27.603  -27.507  -27.438  -16.708  -16.601   -6.476   -6.438   -5.719   -5.412
   -5.331   -4.910    0.023    2.417    2.666    3.204    3.690    5.977    6.940    7.508
    7.852    7.879    8.441    8.588    8.727    8.985
            0.372222  0.509993  0.000000
  -49.336  -27.598  -27.506  -27.447  -16.706  -16.597   -6.482   -6.398   -5.717   -5.474
   -5.334   -4.920    0.069    2.390    2.652    3.176    3.731    6.022    6.893    7.525
    7.913    7.978    8.504    8.662    8.805    9.039
            0.366667  0.519615  0.000000
  -49.336  -27.592  -27.505  -27.456  -16.705  -16.593   -6.488   -6.358   -5.716   -5.531
   -5.336   -4.930    0.112    2.367    2.640    3.149    3.767    6.067    6.841    7.542
    7.970    8.083    8.568    8.738    8.886    9.092
            0.361111  0.529238  0.000000
  -49.335  -27.586  -27.505  -27.464  -16.704  -16.589   -6.494   -6.320   -5.717   -5.583
   -5.337   -4.939    0.150    2.348    2.630    3.123    3.798    6.110    6.790    7.559
    8.020    8.191    8.631    8.815    8.971    9.142
            0.355556  0.538860  0.000000
  -49.335  -27.581  -27.504  -27.471  -16.703  -16.586   -6.499   -6.284   -5.721   -5.627
   -5.337   -4.947    0.182    2.335    2.621    3.100    3.824    6.151    6.741    7.575
    8.063    8.298    8.691    8.891    9.059    9.183
            0.350000  0.548483  0.000000
  -49.335  -27.577  -27.504  -27.477  -16.703  -16.583   -6.503   -6.253   -5.731   -5.658
   -5.337   -4.953    0.207    2.327    2.615    3.079    3.845    6.187    6.698    7.589
    8.097    8.403    8.748    8.966    9.149    9.195
            0.344444  0.558105  0.000000
  -49.335  -27.574  -27.504  -27.482  -16.702  -16.582   -6.506   -6.228   -5.747   -5.674
   -5.336   -4.958    0.225    2.323    2.610    3.063    3.860    6.215    6.664    7.600
    8.123    8.502    8.796    9.035    9.141    9.244
            0.338889  0.567728  0.000000
  -49.335  -27.572  -27.503  -27.485  -16.702  -16.581   -6.508   -6.212   -5.761   -5.680
   -5.335   -4.961    0.236    2.321    2.607    3.052    3.868    6.234    6.642    7.608
    8.138    8.588    8.825    9.067    9.089    9.336
            0.333333  0.577350  0.000000
  -49.335  -27.571  -27.503  -27.486  -16.702  -16.580   -6.509   -6.207   -5.766   -5.682
   -5.335   -4.963    0.240    2.321    2.607    3.048    3.871    6.240    6.634    7.611
    8.144    8.631    8.826    9.036    9.111    9.417
            0.322222  0.558105  0.000000
  -49.335  -27.573  -27.504  -27.482  -16.702  -16.582   -6.506   -6.226   -5.749   -5.673
   -5.337   -4.958    0.226    2.318    2.610    3.066    3.860    6.219    6.660    7.596
    8.122    8.456    8.888    9.033    9.050    9.203
            0.311111  0.538860  0.000000
  -49.335  -27.579  -27.504  -27.473  -16.703  -16.587   -6.495   -6.271   -5.731   -5.629
   -5.341   -4.943    0.187    2.299    2.620    3.123    3.827    6.174    6.715    7.547
    8.059    8.163    8.755    8.903    8.976    9.322
            0.300000  0.519615  0.000000
  -49.336  -27.586  -27.506  -27.460  -16.706  -16.596   -6.477   -6.321   -5.732   -5.550
   -5.349   -4.919    0.130    2.260    2.635    3.214    3.776    6.126    6.772    7.455
    7.863    7.965    8.446    8.786    9.011    9.507
            0.288889  0.500370  0.000000
  -49.336  -27.592  -27.508  -27.445  -16.710  -16.609   -6.449   -6.367   -5.741   -5.454
   -5.358   -4.888    0.059    2.204    2.655    3.324    3.708    6.082    6.805    7.315
    7.587    7.863    8.149    8.668    9.032    9.504
            0.277778  0.481125  0.000000
  -49.337  -27.595  -27.511  -27.429  -16.714  -16.627   -6.412   -6.403   -5.755   -5.366
   -5.353   -4.851   -0.019    2.134    2.677    3.435    3.628    6.045    6.768    7.134
    7.370    7.771    7.888    8.525    9.043    9.368
            0.266667  0.461880  0.000000
  -49.339  -27.597  -27.514  -27.413  -16.720  -16.648   -6.426   -6.366   -5.774   -5.373
   -5.249   -4.810   -0.100    2.057    2.701    3.531    3.538    6.013    6.618    6.924
    7.217    7.695    7.712    8.355    9.027    9.156
            0.255556  0.442635  0.000000
  -49.340  -27.595  -27.518  -27.396  -16.727  -16.674   -6.435   -6.310   -5.797   -5.375
   -5.145   -4.766   -0.179    1.976    2.723    3.441    3.598    5.984    6.394    6.700
    7.041    7.628    7.676    8.175    8.884    9.091
            0.244444  0.423390  0.000000
  -49.342  -27.591  -27.523  -27.380  -16.734  -16.705   -6.430   -6.246   -5.825   -5.373
   -5.044   -4.722   -0.254    1.892    2.743    3.342    3.623    5.953    6.151    6.471
    6.826    7.558    7.734    8.008    8.719    9.082
            0.233333  0.404145  0.000000
  -49.343  -27.583  -27.528  -27.364  -16.743  -16.739   -6.409   -6.172   -5.856   -5.364
   -4.946   -4.677   -0.322    1.809    2.756    3.243    3.601    5.878    5.949    6.242
    6.608    7.461    7.801    7.886    8.620    9.072
            0.222222  0.384900  0.000000
  -49.346  -27.573  -27.535  -27.348  -16.777  -16.752   -6.374   -6.091   -5.892   -5.348
   -4.853   -4.633   -0.380    1.727    2.760    3.149    3.531    5.662    5.884    6.018
    6.408    7.322    7.802    7.828    8.629    9.063
            0.211111  0.365655  0.000000
  -49.348  -27.559  -27.541  -27.333  -16.818  -16.762   -6.325   -6.004   -5.931   -5.324
   -4.765   -4.590   -0.428    1.649    2.748    3.067    3.420    5.443    5.800    5.804
    6.245    7.154    7.726    7.820    8.688    9.102
            0.200000  0.346410  0.000000
  -49.350  -27.548  -27.543  -27.318  -16.862  -16.773   -6.265   -5.972   -5.912   -5.291
   -4.684   -4.549   -0.465    1.576    2.715    3.002    3.275    5.233    5.589    5.681
    6.130    6.975    7.618    7.842    8.659    9.118
            0.188889  0.327165  0.000000
  -49.353  -27.556  -27.524  -27.304  -16.908  -16.784   -6.200   -6.008   -5.816   -5.248
   -4.610   -4.510   -0.490    1.508    2.661    2.955    3.108    5.031    5.388    5.522
    6.045    6.797    7.511    7.881    8.545    8.967
            0.177778  0.307920  0.000000
  -49.356  -27.564  -27.503  -27.291  -16.957  -16.796   -6.161   -6.009   -5.720   -5.195
   -4.544   -4.473   -0.502    1.446    2.592    2.920    2.929    4.838    5.196    5.347
    5.965    6.623    7.422    7.923    8.396    8.817
            0.166667  0.288675  0.000000
  -49.358  -27.572  -27.479  -27.278  -17.006  -16.807   -6.183   -5.940   -5.624   -5.130
   -4.486   -4.437   -0.504    1.391    2.518    2.746    2.887    4.651    5.014    5.166
    5.871    6.456    7.359    7.950    8.237    8.681
            0.155556  0.269430  0.000000
  -49.361  -27.580  -27.455  -27.267  -17.056  -16.819   -6.234   -5.834   -5.532   -5.054
   -4.436   -4.404   -0.495    1.344    2.446    2.565    2.852    4.471    4.842    4.984
    5.756    6.296    7.318    7.930    8.088    8.582
            0.144444  0.250185  0.000000
  -49.364  -27.589  -27.429  -27.255  -17.107  -16.831   -6.294   -5.713   -5.444   -4.967
   -4.394   -4.372   -0.478    1.305    2.379    2.391    2.813    4.296    4.681    4.804
    5.623    6.144    7.289    7.835    7.965    8.539
            0.133333  0.230940  0.000000
  -49.367  -27.597  -27.402  -27.245  -17.156  -16.842   -6.357   -5.581   -5.362   -4.871
   -4.361   -4.342   -0.455    1.275    2.230    2.320    2.767    4.126    4.530    4.626
    5.477    6.000    7.251    7.673    7.889    8.531
            0.122222  0.211695  0.000000
  -49.370  -27.605  -27.375  -27.236  -17.205  -16.853   -6.421   -5.442   -5.285   -4.770
   -4.334   -4.312   -0.427    1.253    2.082    2.269    2.717    3.958    4.389    4.454
    5.326    5.864    7.186    7.472    7.875    8.518
            0.111111  0.192450  0.000000
  -49.372  -27.613  -27.348  -27.227  -17.251  -16.864   -6.484   -5.298   -5.212   -4.666
   -4.315   -4.283   -0.397    1.241    1.949    2.228    2.662    3.790    4.259    4.290
    5.175    5.736    7.096    7.254    7.921    8.484
            0.100000  0.173205  0.000000
  -49.375  -27.620  -27.322  -27.220  -17.296  -16.874   -6.547   -5.152   -5.146   -4.563
   -4.301   -4.253   -0.369    1.239    1.834    2.199    2.604    3.620    4.137    4.140
    5.031    5.614    6.993    7.032    8.009    8.435
            0.088889  0.153960  0.000000
  -49.377  -27.627  -27.297  -27.213  -17.337  -16.883   -6.606   -5.085   -5.006   -4.464
   -4.291   -4.223   -0.344    1.246    1.735    2.180    2.545    3.449    3.998    4.031
    4.896    5.500    6.813    6.889    8.128    8.379
            0.077778  0.134715  0.000000
  -49.380  -27.634  -27.273  -27.207  -17.375  -16.892   -6.661   -5.030   -4.865   -4.371
   -4.286   -4.193   -0.323    1.262    1.652    2.171    2.487    3.278    3.876    3.932
    4.775    5.393    6.605    6.789    8.267    8.322
            0.066667  0.115470  0.000000
  -49.382  -27.640  -27.252  -27.201  -17.408  -16.899   -6.711   -4.981   -4.731   -4.287
   -4.283   -4.163   -0.308    1.285    1.584    2.173    2.431    3.112    3.771    3.843
    4.668    5.293    6.416    6.699    8.267    8.421
            0.055556  0.096225  0.000000
  -49.383  -27.645  -27.233  -27.197  -17.438  -16.906   -6.756   -4.940   -4.607   -4.283
   -4.214   -4.133   -0.298    1.314    1.529    2.182    2.380    2.956    3.684    3.766
    4.575    5.200    6.250    6.620    8.217    8.584
            0.044444  0.076980  0.000000
  -49.385  -27.649  -27.217  -27.193  -17.462  -16.911   -6.793   -4.907   -4.499   -4.283
   -4.153   -4.105   -0.292    1.344    1.487    2.198    2.335    2.817    3.613    3.699
    4.499    5.116    6.111    6.553    8.174    8.751
            0.033333  0.057735  0.000000
  -49.386  -27.652  -27.204  -27.191  -17.482  -16.916   -6.823   -4.881   -4.410   -4.284
   -4.106   -4.081   -0.290    1.373    1.456    2.216    2.299    2.701    3.558    3.645
    4.439    5.044    6.002    6.500    8.140    8.916
            0.022222  0.038490  0.000000
  -49.387  -27.655  -27.195  -27.189  -17.496  -16.919   -6.845   -4.863   -4.343   -4.286
   -4.072   -4.061   -0.289    1.397    1.435    2.233    2.272    2.613    3.519    3.604
    4.396    4.988    5.925    6.462    8.115    9.069
            0.011111  0.019245  0.000000
  -49.387  -27.656  -27.189  -27.188  -17.504  -16.921   -6.858   -4.852   -4.301   -4.287
   -4.051   -4.049   -0.289    1.413    1.422    2.245    2.255    2.559    3.495    3.579
    4.369    4.953    5.879    6.438    8.099    9.196
            0.000000  0.000000  0.000000
  -49.388  -27.657  -27.187  -27.187  -17.507  -16.921   -6.862   -4.848   -4.287   -4.287
   -4.045   -4.045   -0.290    1.418    1.418    2.250    2.250    2.541    3.487    3.570
    4.361    4.941    5.864    6.431    8.094    9.259
