        0.0000000000       -9.7476069892
        0.0020040080       -9.5493912821
        0.0040080160       -9.3516691085
        0.0060120240       -9.1546045720
        0.0080160321       -8.9583615665
        0.0100200401       -8.7631030303
        0.0120240481       -8.5689901799
        0.0140280561       -8.3761817360
        0.0160320641       -8.1848331511
        0.0180360721       -7.9950958521
        0.0200400802       -7.8071165075
        0.0220440882       -7.6210363313
        0.0240480962       -7.4369904347
        0.0260521042       -7.2551072330
        0.0280561122       -7.0755079190
        0.0300601202       -6.8983060083
        0.0320641283       -6.7236069631
        0.0340681363       -6.5515078986
        0.0360721443       -6.3820973746
        0.0380761523       -6.2154552732
        0.0400801603       -6.0516527618
        0.0420841683       -5.8907523383
        0.0440881764       -5.7328079555
        0.0460921844       -5.5778652171
        0.0480961924       -5.4259616405
        0.0501002004       -5.2771269762
        0.0521042084       -5.1313835765
        0.0541082164       -4.9887468024
        0.0561122244       -4.8492254594
        0.0581162325       -4.7128222522
        0.0601202405       -4.5795342475
        0.0621242485       -4.4493533352
        0.0641282565       -4.3222666809
        0.0661322645       -4.1982571584
        0.0681362725       -4.0773037586
        0.0701402806       -3.9593819659
        0.0721442886       -3.8444641001
        0.0741482966       -3.7325196191
        0.0761523046       -3.6235153820
        0.0781563126       -3.5174158709
        0.0801603206       -3.4141833745
        0.0821643287       -3.3137781341
        0.0841683367       -3.2161584571
        0.0861723447       -3.1212808015
        0.0881763527       -3.0290998374
        0.0901803607       -2.9395684908
        0.0921843687       -2.8526379774
        0.0941883768       -2.7682578303
        0.0961923848       -2.6863759304
        0.0981963928       -2.6069385438
        0.1002004008       -2.5298903719
        0.1022044088       -2.4551746195
        0.1042084168       -2.3827330839
        0.1062124248       -2.3125062675
        0.1082164329       -2.2444335168
        0.1102204409       -2.1784531871
        0.1122244489       -2.1145028330
        0.1142284569       -2.0525194223
        0.1162324649       -1.9924395712
        0.1182364729       -1.9341997975
        0.1202404810       -1.8777367849
        0.1222444890       -1.8229876571
        0.1242484970       -1.7698902522
        0.1262525050       -1.7183833942
        0.1282565130       -1.6684071545
        0.1302605210       -1.6199030980
        0.1322645291       -1.5728145073
        0.1342685371       -1.5270865824
        0.1362725451       -1.4826666086
        0.1382765531       -1.4395040914
        0.1402805611       -1.3975508555
        0.1422845691       -1.3567611051
        0.1442885772       -1.3170914469
        0.1462925852       -1.2785008750
        0.1482965932       -1.2409507208
        0.1503006012       -1.2044045682
        0.1523046092       -1.1688281410
        0.1543086172       -1.1341891639
        0.1563126253       -1.1004572035
        0.1583166333       -1.0676034945
        0.1603206413       -1.0356007567
        0.1623246493       -1.0044230085
        0.1643286573       -0.9740453829
        0.1663326653       -0.9444439515
        0.1683366733       -0.9155955603
        0.1703406814       -0.8874776837
        0.1723446894       -0.8600682987
        0.1743486974       -0.8333457824
        0.1763527054       -0.8072888357
        0.1783567134       -0.7818764324
        0.1803607214       -0.7570877948
        0.1823647295       -0.7329023956
        0.1843687375       -0.7092999812
        0.1863727455       -0.6862606174
        0.1883767535       -0.6637647515
        0.1903807615       -0.6417932875
        0.1923847695       -0.6203276706
        0.1943887776       -0.5993499754
        0.1963927856       -0.5788429942
        0.1983967936       -0.5587903197
        0.2004008016       -0.5391764178
        0.2024048096       -0.5199866885
        0.2044088176       -0.5012075082
        0.2064128257       -0.4828262541
        0.2084168337       -0.4648313061
        0.2104208417       -0.4472120276
        0.2124248497       -0.4299587226
        0.2144288577       -0.4130625719
        0.2164328657       -0.3965155491
        0.2184368737       -0.3803103180
        0.2204408818       -0.3644401166
        0.2224448898       -0.3488986292
        0.2244488978       -0.3336798522
        0.2264529058       -0.3187779574
        0.2284569138       -0.3041871577
        0.2304609218       -0.2899015800
        0.2324649299       -0.2759151492
        0.2344689379       -0.2622214878
        0.2364729459       -0.2488138345
        0.2384769539       -0.2356849854
        0.2404809619       -0.2228272585
        0.2424849699       -0.2102324850
        0.2444889780       -0.1978920258
        0.2464929860       -0.1857968143
        0.2484969940       -0.1739374238
        0.2505010020       -0.1623041566
        0.2525050100       -0.1508871533
        0.2545090180       -0.1396765169
        0.2565130261       -0.1286624488
        0.2585170341       -0.1178353915
        0.2605210421       -0.1071861725
        0.2625250501       -0.0967061453
        0.2645290581       -0.0863873221
        0.2665330661       -0.0762224921
        0.2685370741       -0.0662053238
        0.2705410822       -0.0563304442
        0.2725450902       -0.0465934939
        0.2745490982       -0.0369911557
        0.2765531062       -0.0275211532
        0.2785571142       -0.0181822215
        0.2805611222       -0.0089740485
        0.2825651303        0.0001028112
        0.2845691383        0.0090470470
        0.2865731463        0.0178567250
        0.2885771543        0.0265294393
        0.2905811623        0.0350624761
        0.2925851703        0.0434529863
        0.2945891784        0.0516981615
        0.2965931864        0.0597954073
        0.2985971944        0.0677425091
        0.3006012024        0.0755377846
        0.3026052104        0.0831802184
        0.3046092184        0.0906695750
        0.3066132265        0.0980064853
        0.3086172345        0.1051925051
        0.3106212425        0.1122301431
        0.3126252505        0.1191228577
        0.3146292585        0.1258750223
        0.3166332665        0.1324918614
        0.3186372745        0.1389793573
        0.3206412826        0.1453441335
        0.3226452906        0.1515933153
        0.3246492986        0.1577343746
        0.3266533066        0.1637749621
        0.3286573146        0.1697227341
        0.3306613226        0.1755851768
        0.3326653307        0.1813694366
        0.3346693387        0.1870821598
        0.3366733467        0.1927293473
        0.3386773547        0.1983162289
        0.3406813627        0.2038471617
        0.3426853707        0.2093255542
        0.3446893788        0.2147538196
        0.3466933868        0.2201333600
        0.3486973948        0.2254645798
        0.3507014028        0.2307469300
        0.3527054108        0.2359789803
        0.3547094188        0.2411585166
        0.3567134269        0.2462826615
        0.3587174349        0.2513480124
        0.3607214429        0.2563507940
        0.3627254509        0.2612870188
        0.3647294589        0.2661526517
        0.3667334669        0.2709437722
        0.3687374749        0.2756567301
        0.3707414830        0.2802882889
        0.3727454910        0.2848357529
        0.3747494990        0.2892970741
        0.3767535070        0.2936709354
        0.3787575150        0.2979568081
        0.3807615230        0.3021549822
        0.3827655311        0.3062665687
        0.3847695391        0.3102934747
        0.3867735471        0.3142383511
        0.3887775551        0.3181045182
        0.3907815631        0.3218958679
        0.3927855711        0.3256167502
        0.3947895792        0.3292718448
        0.3967935872        0.3328660242
        0.3987975952        0.3364042130
        0.4008016032        0.3398912472
        0.4028056112        0.3433317390
        0.4048096192        0.3467299517
        0.4068136273        0.3500896889
        0.4088176353        0.3534142001
        0.4108216433        0.3567061084
        0.4128256513        0.3599673597
        0.4148296593        0.3631991965
        0.4168336673        0.3664021568
        0.4188376754        0.3695760963
        0.4208416834        0.3727202348
        0.4228456914        0.3758332234
        0.4248496994        0.3789132306
        0.4268537074        0.3819580437
        0.4288577154        0.3849651817
        0.4308617234        0.3879320161
        0.4328657315        0.3908558947
        0.4348697395        0.3937342645
        0.4368737475        0.3965647889
        0.4388777555        0.3993454556
        0.4408817635        0.4020746714
        0.4428857715        0.4047513405
        0.4448897796        0.4073749242
        0.4468937876        0.4099454794
        0.4488977956        0.4124636753
        0.4509018036        0.4149307880
        0.4529058116        0.4173486730
        0.4549098196        0.4197197168
        0.4569138277        0.4220467700
        0.4589178357        0.4243330636
        0.4609218437        0.4265821126
        0.4629258517        0.4287976093
        0.4649298597        0.4309833107
        0.4669338677        0.4331429241
        0.4689378758        0.4352799947
        0.4709418838        0.4373977985
        0.4729458918        0.4394992459
        0.4749498998        0.4415867969
        0.4769539078        0.4436623927
        0.4789579158        0.4457274051
        0.4809619238        0.4477826051
        0.4829659319        0.4498281524
        0.4849699399        0.4518636049
        0.4869739479        0.4538879491
        0.4889779559        0.4558996483
        0.4909819639        0.4578967088
        0.4929859719        0.4598767602
        0.4949899800        0.4618371474
        0.4969939880        0.4637750315
        0.4989979960        0.4656874945
        0.5010020040        0.4675716468
        0.5030060120        0.4694247306
        0.5050100200        0.4712442189
        0.5070140281        0.4730279040
        0.5090180361        0.4747739743
        0.5110220441        0.4764810771
        0.5130260521        0.4781483633
        0.5150300601        0.4797755158
        0.5170340681        0.4813627585
        0.5190380762        0.4829108463
        0.5210420842        0.4844210381
        0.5230460922        0.4858950523
        0.5250501002        0.4873350073
        0.5270541082        0.4887433498
        0.5290581162        0.4901227728
        0.5310621242        0.4914761266
        0.5330661323        0.4928063267
        0.5350701403        0.4941162605
        0.5370741483        0.4954086976
        0.5390781563        0.4966862059
        0.5410821643        0.4979510769
        0.5430861723        0.4992052620
        0.5450901804        0.5004503229
        0.5470941884        0.5016873970
        0.5490981964        0.5029171789
        0.5511022044        0.5041399184
        0.5531062124        0.5053554357
        0.5551102204        0.5065631507
        0.5571142285        0.5077621285
        0.5591182365        0.5089511362
        0.5611222445        0.5101287104
        0.5631262525        0.5112932322
        0.5651302605        0.5124430074
        0.5671342685        0.5135763480
        0.5691382766        0.5146916527
        0.5711422846        0.5157874834
        0.5731462926        0.5168626342
        0.5751503006        0.5179161908
        0.5771543086        0.5189475790
        0.5791583166        0.5199565984
        0.5811623246        0.5209434421
        0.5831663327        0.5219087009
        0.5851703407        0.5228533517
        0.5871743487        0.5237787305
        0.5891783567        0.5246864913
        0.5911823647        0.5255785521
        0.5931863727        0.5264570303
        0.5951903808        0.5273241688
        0.5971943888        0.5281822566
        0.5991983968        0.5290335465
        0.6012024048        0.5298801719
        0.6032064128        0.5307240665
        0.6052104208        0.5315668907
        0.6072144289        0.5324099646
        0.6092184369        0.5332542129
        0.6112224449        0.5341001227
        0.6132264529        0.5349477148
        0.6152304609        0.5357965316
        0.6172344689        0.5366456403
        0.6192384770        0.5374936533
        0.6212424850        0.5383387635
        0.6232464930        0.5391787948
        0.6252505010        0.5400112662
        0.6272545090        0.5408334668
        0.6292585170        0.5416425397
        0.6312625251        0.5424355734
        0.6332665331        0.5432096952
        0.6352705411        0.5439621665
        0.6372745491        0.5446904751
        0.6392785571        0.5453924221
        0.6412825651        0.5460662008
        0.6432865731        0.5467104654
        0.6452905812        0.5473243858
        0.6472945892        0.5479076887
        0.6492985972        0.5484606823
        0.6513026052        0.5489842640
        0.6533066132        0.5494799110
        0.6553106212        0.5499496540
        0.6573146293        0.5503960343
        0.6593186373        0.5508220459
        0.6613226453        0.5512310641
        0.6633266533        0.5516267622
        0.6653306613        0.5520130200
        0.6673346693        0.5523938253
        0.6693386774        0.5527731712
        0.6713426854        0.5531549543
        0.6733466934        0.5535428733
        0.6753507014        0.5539403342
        0.6773547094        0.5543503620
        0.6793587174        0.5547755236
        0.6813627255        0.5552178620
        0.6833667335        0.5556788456
        0.6853707415        0.5561593317
        0.6873747495        0.5566595475
        0.6893787575        0.5571790865
        0.6913827655        0.5577169226
        0.6933867735        0.5582714395
        0.6953907816        0.5588404760
        0.6973947896        0.5594213837
        0.6993987976        0.5600110985
        0.7014028056        0.5606062204
        0.7034068136        0.5612031022
        0.7054108216        0.5617979423
        0.7074148297        0.5623868814
        0.7094188377        0.5629660980
        0.7114228457        0.5635319021
        0.7134268537        0.5640808243
        0.7154308617        0.5646096967
        0.7174348697        0.5651157260
        0.7194388778        0.5655965546
        0.7214428858        0.5660503101
        0.7234468938        0.5664756414
        0.7254509018        0.5668717410
        0.7274549098        0.5672383533
        0.7294589178        0.5675757686
        0.7314629259        0.5678848037
        0.7334669339        0.5681667703
        0.7354709419        0.5684234318
        0.7374749499        0.5686569496
        0.7394789579        0.5688698218
        0.7414829659        0.5690648151
        0.7434869739        0.5692448920
        0.7454909820        0.5694131358
        0.7474949900        0.5695726749
        0.7494989980        0.5697266084
        0.7515030060        0.5698779358
        0.7535070140        0.5700294905
        0.7555110220        0.5701838808
        0.7575150301        0.5703434384
        0.7595190381        0.5705101758
        0.7615230461        0.5706857532
        0.7635270541        0.5708714556
        0.7655310621        0.5710681804
        0.7675350701        0.5712764346
        0.7695390782        0.5714963426
        0.7715430862        0.5717276625
        0.7735470942        0.5719698112
        0.7755511022        0.5722218971
        0.7775551102        0.5724827582
        0.7795591182        0.5727510060
        0.7815631263        0.5730250722
        0.7835671343        0.5733032584
        0.7855711423        0.5735837856
        0.7875751503        0.5738648438
        0.7895791583        0.5741446396
        0.7915831663        0.5744214404
        0.7935871743        0.5746936154
        0.7955911824        0.5749596705
        0.7975951904        0.5752182792
        0.7995991984        0.5754683059
        0.8016032064        0.5757088242
        0.8036072144        0.5759391275
        0.8056112224        0.5761587345
        0.8076152305        0.5763673879
        0.8096192385        0.5765650473
        0.8116232465        0.5767518776
        0.8136272545        0.5769282323
        0.8156312625        0.5770946338
        0.8176352705        0.5772517500
        0.8196392786        0.5774003695
        0.8216432866        0.5775413756
        0.8236472946        0.5776757189
        0.8256513026        0.5778043922
        0.8276553106        0.5779284042
        0.8296593186        0.5780487567
        0.8316633267        0.5781664232
        0.8336673347        0.5782823299
        0.8356713427        0.5783973402
        0.8376753507        0.5785122414
        0.8396793587        0.5786277351
        0.8416833667        0.5787444305
        0.8436873747        0.5788628401
        0.8456913828        0.5789833780
        0.8476953908        0.5791063611
        0.8496993988        0.5792320111
        0.8517034068        0.5793604591
        0.8537074148        0.5794917503
        0.8557114228        0.5796258499
        0.8577154309        0.5797626492
        0.8597194389        0.5799019719
        0.8617234469        0.5800435799
        0.8637274549        0.5801871786
        0.8657314629        0.5803324224
        0.8677354709        0.5804789186
        0.8697394790        0.5806262318
        0.8717434870        0.5807738873
        0.8737474950        0.5809213748
        0.8757515030        0.5810681514
        0.8777555110        0.5812136464
        0.8797595190        0.5813572647
        0.8817635271        0.5814983932
        0.8837675351        0.5816364067
        0.8857715431        0.5817706761
        0.8877755511        0.5819005779
        0.8897795591        0.5820255052
        0.8917835671        0.5821448803
        0.8937875752        0.5822581690
        0.8957915832        0.5823648958
        0.8977955912        0.5824646603
        0.8997995992        0.5825571537
        0.9018036072        0.5826421759
        0.9038076152        0.5827196512
        0.9058116232        0.5827896430
        0.9078156313        0.5828523668
        0.9098196393        0.5829081998
        0.9118236473        0.5829576876
        0.9138276553        0.5830015465
        0.9158316633        0.5830406616
        0.9178356713        0.5830760792
        0.9198396794        0.5831089944
        0.9218436874        0.5831407328
        0.9238476954        0.5831727269
        0.9258517034        0.5832064869
        0.9278557114        0.5832435673
        0.9298597194        0.5832855285
        0.9318637275        0.5833338955
        0.9338677355        0.5833901142
        0.9358717435        0.5834555064
        0.9378757515        0.5835312251
        0.9398797595        0.5836182108
        0.9418837675        0.5837171512
        0.9438877756        0.5838284455
        0.9458917836        0.5839521736
        0.9478957916        0.5840880733
        0.9498997996        0.5842355251
        0.9519038076        0.5843935469
        0.9539078156        0.5845607977
        0.9559118236        0.5847355927
        0.9579158317        0.5849159285
        0.9599198397        0.5850995183
        0.9619238477        0.5852838381
        0.9639278557        0.5854661806
        0.9659318637        0.5856437184
        0.9679358717        0.5858135722
        0.9699398798        0.5859728852
        0.9719438878        0.5861188989
        0.9739478958        0.5862490307
        0.9759519038        0.5863609487
        0.9779559118        0.5864526438
        0.9799599198        0.5865224946
        0.9819639279        0.5865693249
        0.9839679359        0.5865924503
        0.9859719439        0.5865917128
        0.9879759519        0.5865675023
        0.9899799599        0.5865207636
        0.9919839679        0.5864529876
        0.9939879760        0.5863661879
        0.9959919840        0.5862628616
        0.9979959920        0.5861459362
        1.0000000000        0.5860187026
