        0.0000000000       -9.7193032827
        0.0020040080       -9.5260549706
        0.0040080160       -9.3332923967
        0.0060120240       -9.1411664988
        0.0080160321       -8.9498279015
        0.0100200401       -8.7594263020
        0.0120240481       -8.5701098387
        0.0140280561       -8.3820244500
        0.0160320641       -8.1953132310
        0.0180360721       -8.0101157975
        0.0200400802       -7.8265676654
        0.0220440882       -7.6447996542
        0.0240480962       -7.4649373237
        0.0260521042       -7.2871004506
        0.0280561122       -7.1114025536
        0.0300601202       -6.9379504732
        0.0320641283       -6.7668440117
        0.0340681363       -6.5981756376
        0.0360721443       -6.4320302596
        0.0380761523       -6.2684850697
        0.0400801603       -6.1076094582
        0.0420841683       -5.9494649990
        0.0440881764       -5.7941055047
        0.0460921844       -5.6415771455
        0.0480961924       -5.4919186312
        0.0501002004       -5.3451614473
        0.0521042084       -5.2013301419
        0.0541082164       -5.0604426530
        0.0561122244       -4.9225106714
        0.0581162325       -4.7875400289
        0.0601202405       -4.6555311037
        0.0621242485       -4.5264792357
        0.0641282565       -4.4003751420
        0.0661322645       -4.2772053259
        0.0681362725       -4.1569524717
        0.0701402806       -4.0395958193
        0.0721442886       -3.9251115129
        0.0741482966       -3.8134729198
        0.0761523046       -3.7046509151
        0.0781563126       -3.5986141322
        0.0801603206       -3.4953291756
        0.0821643287       -3.3947607988
        0.0841683367       -3.2968720471
        0.0861723447       -3.2016243681
        0.0881763527       -3.1089776943
        0.0901803607       -3.0188905004
        0.0921843687       -2.9313198409
        0.0941883768       -2.8462213741
        0.0961923848       -2.7635493759
        0.0981963928       -2.6832567508
        0.1002004008       -2.6052950450
        0.1022044088       -2.5296144660
        0.1042084168       -2.4561639147
        0.1062124248       -2.3848910326
        0.1082164329       -2.3157422681
        0.1102204409       -2.2486629650
        0.1122244489       -2.1835974725
        0.1142284569       -2.1204892802
        0.1162324649       -2.0592811746
        0.1182364729       -1.9999154183
        0.1202404810       -1.9423339478
        0.1222444890       -1.8864785879
        0.1242484970       -1.8322912780
        0.1262525050       -1.7797143069
        0.1282565130       -1.7286905504
        0.1302605210       -1.6791637076
        0.1322645291       -1.6310785297
        0.1342685371       -1.5843810377
        0.1362725451       -1.5390187221
        0.1382765531       -1.4949407236
        0.1402805611       -1.4520979864
        0.1422845691       -1.4104433859
        0.1442885772       -1.3699318246
        0.1462925852       -1.3305202966
        0.1482965932       -1.2921679196
        0.1503006012       -1.2548359347
        0.1523046092       -1.2184876752
        0.1543086172       -1.1830885063
        0.1563126253       -1.1486057389
        0.1583166333       -1.1150085200
        0.1603206413       -1.0822677048
        0.1623246493       -1.0503557149
        0.1643286573       -1.0192463862
        0.1663326653       -0.9889148127
        0.1683366733       -0.9593371901
        0.1703406814       -0.9304906645
        0.1723446894       -0.9023531903
        0.1743486974       -0.8749034005
        0.1763527054       -0.8481204940
        0.1783567134       -0.8219841407
        0.1803607214       -0.7964744088
        0.1823647295       -0.7715717120
        0.1843687375       -0.7472567800
        0.1863727455       -0.7235106496
        0.1883767535       -0.7003146762
        0.1903807615       -0.6776505629
        0.1923847695       -0.6555004058
        0.1943887776       -0.6338467500
        0.1963927856       -0.6126726558
        0.1983967936       -0.5919617686
        0.2004008016       -0.5716983903
        0.2024048096       -0.5518675473
        0.2044088176       -0.5324550526
        0.2064128257       -0.5134475566
        0.2084168337       -0.4948325862
        0.2104208417       -0.4765985674
        0.2124248497       -0.4587348313
        0.2144288577       -0.4412316010
        0.2164328657       -0.4240799606
        0.2184368737       -0.4072718049
        0.2204408818       -0.3907997720
        0.2224448898       -0.3746571602
        0.2244488978       -0.3588378312
        0.2264529058       -0.3433361032
        0.2284569138       -0.3281466368
        0.2304609218       -0.3132643166
        0.2324649299       -0.2986841338
        0.2344689379       -0.2844010721
        0.2364729459       -0.2704100021
        0.2384769539       -0.2567055859
        0.2404809619       -0.2432821967
        0.2424849699       -0.2301338557
        0.2444889780       -0.2172541868
        0.2464929860       -0.2046363936
        0.2484969940       -0.1922732563
        0.2505010020       -0.1801571507
        0.2525050100       -0.1682800877
        0.2545090180       -0.1566337718
        0.2565130261       -0.1452096774
        0.2585170341       -0.1339991386
        0.2605210421       -0.1229934515
        0.2625250501       -0.1121839830
        0.2645290581       -0.1015622846
        0.2665330661       -0.0911202054
        0.2685370741       -0.0808500009
        0.2705410822       -0.0707444347
        0.2725450902       -0.0607968672
        0.2745490982       -0.0510013307
        0.2765531062       -0.0413525862
        0.2785571142       -0.0318461613
        0.2805611222       -0.0224783657
        0.2825651303       -0.0132462861
        0.2845691383       -0.0041477589
        0.2865731463        0.0048186791
        0.2885771543        0.0136538580
        0.2905811623        0.0223580612
        0.2925851703        0.0309311250
        0.2945891784        0.0393725513
        0.2965931864        0.0476816263
        0.2985971944        0.0558575446
        0.3006012024        0.0638995320
        0.3026052104        0.0718069646
        0.3046092184        0.0795794796
        0.3066132265        0.0872170741
        0.3086172345        0.0947201888
        0.3106212425        0.1020897741
        0.3126252505        0.1093273355
        0.3146292585        0.1164349588
        0.3166332665        0.1234153117
        0.3186372745        0.1302716242
        0.3206412826        0.1370076472
        0.3226452906        0.1436275916
        0.3246492986        0.1501360492
        0.3266533066        0.1565378988
        0.3286573146        0.1628382014
        0.3306613226        0.1690420865
        0.3326653307        0.1751546348
        0.3346693387        0.1811807616
        0.3366733467        0.1871251032
        0.3386773547        0.1929919128
        0.3406813627        0.1987849676
        0.3426853707        0.2045074904
        0.3446893788        0.2101620906
        0.3466933868        0.2157507235
        0.3486973948        0.2212746722
        0.3507014028        0.2267345511
        0.3527054108        0.2321303316
        0.3547094188        0.2374613894
        0.3567134269        0.2427265710
        0.3587174349        0.2479242784
        0.3607214429        0.2530525681
        0.3627254509        0.2581092618
        0.3647294589        0.2630920648
        0.3667334669        0.2679986878
        0.3687374749        0.2728269687
        0.3707414830        0.2775749896
        0.3727454910        0.2822411855
        0.3747494990        0.2868244403
        0.3767535070        0.2913241680
        0.3787575150        0.2957403748
        0.3807615230        0.3000737012
        0.3827655311        0.3043254423
        0.3847695391        0.3084975445
        0.3867735471        0.3125925806
        0.3887775551        0.3166137021
        0.3907815631        0.3205645718
        0.3927855711        0.3244492773
        0.3947895792        0.3282722297
        0.3967935872        0.3320380505
        0.3987975952        0.3357514493
        0.4008016032        0.3394170979
        0.4028056112        0.3430395042
        0.4048096192        0.3466228895
        0.4068136273        0.3501710753
        0.4088176353        0.3536873803
        0.4108216433        0.3571745343
        0.4128256513        0.3606346095
        0.4148296593        0.3640689723
        0.4168336673        0.3674782579
        0.4188376754        0.3708623672
        0.4208416834        0.3742204874
        0.4228456914        0.3775511355
        0.4248496994        0.3808522219
        0.4268537074        0.3841211346
        0.4288577154        0.3873548391
        0.4308617234        0.3905499913
        0.4328657315        0.3937030611
        0.4348697395        0.3968104609
        0.4368737475        0.3998686757
        0.4388777555        0.4028743909
        0.4408817635        0.4058246136
        0.4428857715        0.4087167828
        0.4448897796        0.4115488659
        0.4468937876        0.4143194382
        0.4488977956        0.4170277434
        0.4509018036        0.4196737312
        0.4529058116        0.4222580747
        0.4549098196        0.4247821628
        0.4569138277        0.4272480715
        0.4589178357        0.4296585135
        0.4609218437        0.4320167676
        0.4629258517        0.4343265911
        0.4649298597        0.4365921182
        0.4669338677        0.4388177465
        0.4689378758        0.4410080170
        0.4709418838        0.4431674900
        0.4729458918        0.4453006216
        0.4749498998        0.4474116452
        0.4769539078        0.4495044600
        0.4789579158        0.4515825325
        0.4809619238        0.4536488110
        0.4829659319        0.4557056590
        0.4849699399        0.4577548059
        0.4869739479        0.4597973196
        0.4889779559        0.4618335989
        0.4909819639        0.4638633880
        0.4929859719        0.4658858098
        0.4949899800        0.4678994195
        0.4969939880        0.4699022738
        0.4989979960        0.4718920152
        0.5010020040        0.4738659674
        0.5030060120        0.4758212385
        0.5050100200        0.4777548297
        0.5070140281        0.4796637438
        0.5090180361        0.4815450924
        0.5110220441        0.4833961959
        0.5130260521        0.4852146752
        0.5150300601        0.4869985313
        0.5170340681        0.4887462093
        0.5190380762        0.4904566478
        0.5210420842        0.4921293092
        0.5230460922        0.4937641924
        0.5250501002        0.4953618264
        0.5270541082        0.4969232464
        0.5290581162        0.4984499531
        0.5310621242        0.4999438561
        0.5330661323        0.5014072051
        0.5350701403        0.5028425099
        0.5370741483        0.5042524532
        0.5390781563        0.5056397988
        0.5410821643        0.5070072979
        0.5430861723        0.5083575980
        0.5450901804        0.5096931564
        0.5470941884        0.5110161612
        0.5490981964        0.5123284632
        0.5511022044        0.5136315205
        0.5531062124        0.5149263567
        0.5551102204        0.5162135356
        0.5571142285        0.5174931517
        0.5591182365        0.5187648376
        0.5611222445        0.5200277873
        0.5631262525        0.5212807944
        0.5651302605        0.5225223046
        0.5671342685        0.5237504799
        0.5691382766        0.5249632720
        0.5711422846        0.5261585034
        0.5731462926        0.5273339525
        0.5751503006        0.5284874402
        0.5771543086        0.5296169148
        0.5791583166        0.5307205334
        0.5811623246        0.5317967354
        0.5831663327        0.5328443075
        0.5851703407        0.5338624369
        0.5871743487        0.5348507515
        0.5891783567        0.5358093461
        0.5911823647        0.5367387930
        0.5931863727        0.5376401378
        0.5951903808        0.5385148799
        0.5971943888        0.5393649385
        0.5991983968        0.5401926056
        0.6012024048        0.5410004870
        0.6032064128        0.5417914339
        0.6052104208        0.5425684670
        0.6072144289        0.5433346948
        0.6092184369        0.5440932305
        0.6112224449        0.5448471076
        0.6132264529        0.5455991993
        0.6152304609        0.5463521421
        0.6172344689        0.5471082667
        0.6192384770        0.5478695389
        0.6212424850        0.5486375106
        0.6232464930        0.5494132833
        0.6252505010        0.5501974850
        0.6272545090        0.5509902606
        0.6292585170        0.5517912757
        0.6312625251        0.5525997343
        0.6332665331        0.5534144087
        0.6352705411        0.5542336810
        0.6372745491        0.5550555946
        0.6392785571        0.5558779147
        0.6412825651        0.5566981936
        0.6432865731        0.5575138423
        0.6452905812        0.5583222030
        0.6472945892        0.5591206219
        0.6492985972        0.5599065206
        0.6513026052        0.5606774621
        0.6533066132        0.5614312127
        0.6553106212        0.5621657949
        0.6573146293        0.5628795325
        0.6593186373        0.5635710861
        0.6613226453        0.5642394770
        0.6633266533        0.5648841018
        0.6653306613        0.5655047357
        0.6673346693        0.5661015245
        0.6693386774        0.5666749683
        0.6713426854        0.5672258947
        0.6733466934        0.5677554253
        0.6753507014        0.5682649350
        0.6773547094        0.5687560063
        0.6793587174        0.5692303801
        0.6813627255        0.5696899048
        0.6833667335        0.5701364843
        0.6853707415        0.5705720281
        0.6873747495        0.5709984027
        0.6893787575        0.5714173884
        0.6913827655        0.5718306396
        0.6933867735        0.5722396517
        0.6953907816        0.5726457344
        0.6973947896        0.5730499916
        0.6993987976        0.5734533094
        0.7014028056        0.5738563499
        0.7034068136        0.5742595531
        0.7054108216        0.5746631446
        0.7074148297        0.5750671497
        0.7094188377        0.5754714117
        0.7114228457        0.5758756154
        0.7134268537        0.5762793133
        0.7154308617        0.5766819536
        0.7174348697        0.5770829108
        0.7194388778        0.5774815144
        0.7214428858        0.5778770786
        0.7234468938        0.5782689294
        0.7254509018        0.5786564294
        0.7274549098        0.5790389995
        0.7294589178        0.5794161369
        0.7314629259        0.5797874294
        0.7334669339        0.5801525647
        0.7354709419        0.5805113367
        0.7374749499        0.5808636459
        0.7394789579        0.5812094976
        0.7414829659        0.5815489947
        0.7434869739        0.5818823289
        0.7454909820        0.5822097676
        0.7474949900        0.5825316400
        0.7494989980        0.5828483209
        0.7515030060        0.5831602139
        0.7535070140        0.5834677343
        0.7555110220        0.5837712924
        0.7575150301        0.5840712778
        0.7595190381        0.5843680450
        0.7615230461        0.5846619010
        0.7635270541        0.5849530954
        0.7655310621        0.5852418124
        0.7675350701        0.5855281659
        0.7695390782        0.5858121976
        0.7715430862        0.5860938772
        0.7735470942        0.5863731058
        0.7755511022        0.5866497215
        0.7775551102        0.5869235072
        0.7795591182        0.5871942005
        0.7815631263        0.5874615045
        0.7835671343        0.5877251006
        0.7855711423        0.5879846612
        0.7875751503        0.5882398630
        0.7895791583        0.5884903998
        0.7915831663        0.5887359954
        0.7935871743        0.5889764145
        0.7955911824        0.5892114727
        0.7975951904        0.5894410452
        0.7995991984        0.5896650731
        0.8016032064        0.5898835673
        0.8036072144        0.5900966113
        0.8056112224        0.5903043602
        0.8076152305        0.5905070387
        0.8096192385        0.5907049359
        0.8116232465        0.5908983989
        0.8136272545        0.5910878235
        0.8156312625        0.5912736440
        0.8176352705        0.5914563215
        0.8196392786        0.5916363307
        0.8216432866        0.5918141467
        0.8236472946        0.5919902310
        0.8256513026        0.5921650177
        0.8276553106        0.5923389006
        0.8296593186        0.5925122207
        0.8316633267        0.5926852550
        0.8336673347        0.5928582077
        0.8356713427        0.5930312020
        0.8376753507        0.5932042756
        0.8396793587        0.5933773773
        0.8416833667        0.5935503668
        0.8436873747        0.5937230175
        0.8456913828        0.5938950210
        0.8476953908        0.5940659946
        0.8496993988        0.5942354918
        0.8517034068        0.5944030141
        0.8537074148        0.5945680251
        0.8557114228        0.5947299664
        0.8577154309        0.5948882743
        0.8597194389        0.5950423975
        0.8617234469        0.5951918149
        0.8637274549        0.5953360528
        0.8657314629        0.5954747020
        0.8677354709        0.5956074327
        0.8697394790        0.5957340085
        0.8717434870        0.5958542968
        0.8737474950        0.5959682778
        0.8757515030        0.5960760496
        0.8777555110        0.5961778302
        0.8797595190        0.5962739562
        0.8817635271        0.5963648772
        0.8837675351        0.5964511477
        0.8857715431        0.5965334144
        0.8877755511        0.5966124014
        0.8897795591        0.5966888919
        0.8917835671        0.5967637077
        0.8937875752        0.5968376868
        0.8957915832        0.5969116605
        0.8977955912        0.5969864288
        0.8997995992        0.5970627367
        0.9018036072        0.5971412519
        0.9038076152        0.5972225432
        0.9058116232        0.5973070616
        0.9078156313        0.5973951251
        0.9098196393        0.5974869062
        0.9118236473        0.5975824239
        0.9138276553        0.5976815401
        0.9158316633        0.5977839611
        0.9178356713        0.5978892428
        0.9198396794        0.5979968018
        0.9218436874        0.5981059307
        0.9238476954        0.5982158167
        0.9258517034        0.5983255653
        0.9278557114        0.5984342257
        0.9298597194        0.5985408193
        0.9318637275        0.5986443692
        0.9338677355        0.5987439304
        0.9358717435        0.5988386198
        0.9378757515        0.5989276441
        0.9398797595        0.5990103259
        0.9418837675        0.5990861270
        0.9438877756        0.5991546666
        0.9458917836        0.5992157361
        0.9478957916        0.5992693074
        0.9498997996        0.5993155371
        0.9519038076        0.5993547636
        0.9539078156        0.5993874988
        0.9559118236        0.5994144151
        0.9579158317        0.5994363257
        0.9599198397        0.5994541614
        0.9619238477        0.5994689424
        0.9639278557        0.5994817486
        0.9659318637        0.5994936859
        0.9679358717        0.5995058528
        0.9699398798        0.5995193066
        0.9719438878        0.5995350310
        0.9739478958        0.5995539060
        0.9759519038        0.5995766809
        0.9779559118        0.5996039523
        0.9799599198        0.5996361465
        0.9819639279        0.5996735081
        0.9839679359        0.5997160950
        0.9859719439        0.5997637794
        0.9879759519        0.5998162555
        0.9899799599        0.5998730533
        0.9919839679        0.5999335586
        0.9939879760        0.5999970378
        0.9959919840        0.6000626665
        0.9979959920        0.6001295626
        1.0000000000        0.6001968204
