 &plot nbnd=  26, nks=    91 /
            0.000000  0.000000  0.000000
  -50.186  -29.176  -27.621  -27.621  -26.194  -25.029   -8.658   -7.369   -7.369   -7.191
   -7.191   -6.989   -1.140    1.124    1.124    1.176    3.044    3.044    3.101    3.435
    4.339    4.492    6.376    6.495    8.895    9.768
            0.016667  0.009623  0.000000
  -50.185  -29.174  -27.628  -27.621  -26.188  -25.031   -8.655   -7.374   -7.368   -7.199
   -7.193   -6.984   -1.139    1.123    1.130    1.186    2.974    3.046    3.167    3.441
    4.345    4.503    6.387    6.501    8.903    9.774
            0.033333  0.019245  0.000000
  -50.184  -29.169  -27.651  -27.624  -26.172  -25.037   -8.646   -7.388   -7.366   -7.221
   -7.198   -6.969   -1.134    1.120    1.149    1.213    2.878    3.052    3.251    3.459
    4.365    4.535    6.419    6.520    8.926    9.792
            0.050000  0.028868  0.000000
  -50.182  -29.160  -27.686  -27.627  -26.146  -25.046   -8.631   -7.410   -7.361   -7.252
   -7.205   -6.951   -1.126    1.116    1.179    1.257    2.779    3.061    3.333    3.489
    4.397    4.587    6.471    6.551    8.964    9.822
            0.066667  0.038490  0.000000
  -50.179  -29.148  -27.734  -27.632  -26.113  -25.058   -8.611   -7.441   -7.354   -7.288
   -7.216   -6.932   -1.117    1.113    1.221    1.318    2.678    3.074    3.415    3.532
    4.442    4.656    6.542    6.593    9.018    9.863
            0.083333  0.048113  0.000000
  -50.175  -29.133  -27.791  -27.638  -26.073  -25.074   -8.585   -7.478   -7.346   -7.329
   -7.230   -6.914   -1.107    1.112    1.275    1.396    2.579    3.090    3.498    3.587
    4.499    4.739    6.632    6.648    9.087    9.914
            0.100000  0.057735  0.000000
  -50.171  -29.115  -27.857  -27.645  -26.028  -25.093   -8.556   -7.522   -7.371   -7.336
   -7.246   -6.898   -1.099    1.115    1.342    1.491    2.482    3.110    3.584    3.653
    4.569    4.833    6.714    6.738    9.171    9.977
            0.116667  0.067358  0.000000
  -50.166  -29.093  -27.929  -27.654  -25.981  -25.115   -8.524   -7.570   -7.415   -7.324
   -7.265   -6.885   -1.093    1.124    1.420    1.603    2.390    3.132    3.674    3.731
    4.650    4.937    6.791    6.859    9.269   10.049
            0.133333  0.076980  0.000000
  -50.160  -29.069  -28.006  -27.663  -25.931  -25.141   -8.490   -7.621   -7.460   -7.312
   -7.286   -6.876   -1.090    1.141    1.510    1.730    2.303    3.157    3.771    3.821
    4.743    5.050    6.879    6.993    9.382   10.130
            0.150000  0.086603  0.000000
  -50.154  -29.041  -28.086  -27.674  -25.881  -25.169   -8.455   -7.673   -7.506   -7.309
   -7.299   -6.870   -1.092    1.167    1.612    1.874    2.223    3.183    3.875    3.923
    4.846    5.170    6.977    7.138    9.508   10.220
            0.166667  0.096225  0.000000
  -50.147  -29.011  -28.168  -27.685  -25.831  -25.200   -8.421   -7.725   -7.552   -7.333
   -7.285   -6.868   -1.098    1.203    1.725    2.032    2.151    3.212    3.987    4.036
    4.961    5.298    7.086    7.292    9.648   10.319
            0.183333  0.105848  0.000000
  -50.140  -28.979  -28.252  -27.697  -25.781  -25.234   -8.391   -7.774   -7.597   -7.359
   -7.270   -6.869   -1.109    1.250    1.849    2.086    2.204    3.242    4.108    4.161
    5.087    5.434    7.204    7.455    9.800   10.424
            0.200000  0.115470  0.000000
  -50.132  -28.944  -28.336  -27.709  -25.733  -25.270   -8.365   -7.818   -7.642   -7.386
   -7.256   -6.873   -1.124    1.308    1.984    2.029    2.389    3.273    4.237    4.297
    5.223    5.577    7.332    7.625    9.963   10.535
            0.216667  0.125093  0.000000
  -50.124  -28.908  -28.419  -27.722  -25.686  -25.308   -8.348   -7.854   -7.687   -7.414
   -7.241   -6.880   -1.142    1.378    1.980    2.129    2.587    3.304    4.376    4.444
    5.369    5.728    7.470    7.802   10.137   10.653
            0.233333  0.134715  0.000000
  -50.116  -28.869  -28.501  -27.735  -25.641  -25.348   -8.341   -7.880   -7.731   -7.442
   -7.226   -6.890   -1.163    1.457    1.938    2.283    2.796    3.336    4.525    4.603
    5.525    5.888    7.616    7.984   10.320   10.774
            0.250000  0.144338  0.000000
  -50.108  -28.830  -28.582  -27.748  -25.598  -25.389   -8.346   -7.895   -7.773   -7.470
   -7.212   -6.902   -1.186    1.546    1.904    2.447    3.016    3.367    4.684    4.773
    5.691    6.057    7.770    8.172   10.511   10.899
            0.266667  0.153960  0.000000
  -50.100  -28.789  -28.660  -27.761  -25.557  -25.431   -8.361   -7.900   -7.815   -7.498
   -7.198   -6.915   -1.209    1.643    1.876    2.617    3.247    3.398    4.852    4.955
    5.866    6.234    7.934    8.365   10.709   11.024
            0.283333  0.163583  0.000000
  -50.092  -28.748  -28.735  -27.774  -25.519  -25.474   -8.384   -7.897   -7.855   -7.525
   -7.185   -6.929   -1.232    1.747    1.854    2.794    3.428    3.487    5.030    5.147
    6.050    6.420    8.105    8.563   10.913   11.145
            0.300000  0.173205  0.000000
  -50.084  -28.806  -28.707  -27.787  -25.516  -25.484   -8.412   -7.894   -7.889   -7.552
   -7.173   -6.944   -1.255    1.837    1.856    2.976    3.457    3.737    5.219    5.350
    6.243    6.616    8.284    8.766   11.119   11.252
            0.316667  0.182828  0.000000
  -50.076  -28.873  -28.665  -27.799  -25.559  -25.451   -8.443   -7.930   -7.879   -7.577
   -7.161   -6.959   -1.276    1.826    1.968    3.161    3.485    3.994    5.417    5.565
    6.444    6.821    8.470    8.973   11.321   11.322
            0.333333  0.192450  0.000000
  -50.068  -28.936  -28.625  -27.811  -25.601  -25.421   -8.474   -7.965   -7.868   -7.601
   -7.150   -6.974   -1.295    1.817    2.081    3.347    3.511    4.260    5.625    5.789
    6.654    7.035    8.663    9.182   11.293   11.488
            0.350000  0.202073  0.000000
  -50.061  -28.994  -28.586  -27.821  -25.641  -25.393   -8.503   -7.997   -7.859   -7.624
   -7.141   -6.989   -1.312    1.813    2.192    3.531    3.535    4.533    5.843    6.025
    6.871    7.258    8.863    9.391   11.130   11.419
            0.366667  0.211695  0.000000
  -50.055  -29.047  -28.549  -27.831  -25.680  -25.369   -8.531   -8.027   -7.850   -7.645
   -7.132   -7.002   -1.327    1.810    2.300    3.557    3.711    4.811    6.070    6.270
    7.095    7.490    9.067    9.594   10.881   11.151
            0.383333  0.221318  0.000000
  -50.049  -29.095  -28.514  -27.841  -25.716  -25.347   -8.556   -8.054   -7.844   -7.663
   -7.124   -7.015   -1.340    1.810    2.402    3.577    3.882    5.093    6.306    6.525
    7.326    7.731    9.272    9.775   10.596   10.879
            0.400000  0.230940  0.000000
  -50.044  -29.137  -28.482  -27.849  -25.749  -25.328   -8.578   -8.078   -7.839   -7.680
   -7.117   -7.026   -1.351    1.811    2.497    3.594    4.043    5.376    6.550    6.789
    7.561    7.978    9.470    9.882   10.310   10.678
            0.416667  0.240563  0.000000
  -50.039  -29.172  -28.454  -27.856  -25.778  -25.312   -8.596   -8.099   -7.835   -7.694
   -7.112   -7.036   -1.360    1.812    2.581    3.609    4.189    5.655    6.802    7.059
    7.801    8.230    9.613    9.825   10.075   10.643
            0.433333  0.250185  0.000000
  -50.035  -29.202  -28.430  -27.861  -25.802  -25.299   -8.611   -8.116   -7.833   -7.706
   -7.107   -7.044   -1.367    1.814    2.652    3.622    4.315    5.923    7.059    7.335
    8.040    8.478    9.537    9.630   10.060   10.422
            0.450000  0.259808  0.000000
  -50.032  -29.225  -28.411  -27.866  -25.822  -25.289   -8.623   -8.130   -7.831   -7.716
   -7.103   -7.051   -1.373    1.816    2.710    3.631    4.418    6.170    7.317    7.610
    8.274    8.696    9.306    9.420   10.032   10.243
            0.466667  0.269430  0.000000
  -50.030  -29.242  -28.396  -27.869  -25.837  -25.281   -8.632   -8.140   -7.830   -7.722
   -7.101   -7.055   -1.376    1.817    2.752    3.638    4.495    6.377    7.568    7.875
    8.488    8.777    9.079    9.346    9.715   10.372
            0.483333  0.279053  0.000000
  -50.029  -29.252  -28.388  -27.871  -25.845  -25.277   -8.637   -8.145   -7.830   -7.726
   -7.099   -7.058   -1.379    1.818    2.778    3.642    4.542    6.520    7.785    8.105
    8.616    8.666    8.957    9.429    9.486   10.193
            0.500000  0.288675  0.000000
  -50.029  -29.255  -28.385  -27.872  -25.848  -25.276   -8.639   -8.147   -7.830   -7.728
   -7.099   -7.059   -1.379    1.819    2.787    3.644    4.558    6.572    7.888    8.220
    8.582    8.600    9.001    9.269    9.612   10.040
            0.494444  0.298298  0.000000
  -50.028  -29.255  -28.385  -27.873  -25.849  -25.275   -8.637   -8.150   -7.830   -7.726
   -7.100   -7.059   -1.378    1.821    2.785    3.642    4.548    6.586    7.889    8.222
    8.584    8.602    9.003    9.271    9.613   10.042
            0.488889  0.307920  0.000000
  -50.028  -29.253  -28.384  -27.877  -25.850  -25.273   -8.633   -8.156   -7.830   -7.721
   -7.103   -7.059   -1.372    1.826    2.780    3.638    4.518    6.627    7.894    8.227
    8.589    8.609    9.009    9.277    9.619   10.046
            0.483333  0.317543  0.000000
  -50.028  -29.252  -28.382  -27.883  -25.851  -25.271   -8.627   -8.167   -7.829   -7.714
   -7.108   -7.058   -1.362    1.834    2.773    3.632    4.470    6.691    7.901    8.236
    8.598    8.619    9.018    9.286    9.628   10.054
            0.477778  0.327165  0.000000
  -50.028  -29.249  -28.380  -27.892  -25.853  -25.267   -8.618   -8.181   -7.829   -7.704
   -7.115   -7.058   -1.349    1.846    2.762    3.622    4.409    6.777    7.912    8.249
    8.610    8.634    9.031    9.300    9.640   10.064
            0.472222  0.336788  0.000000
  -50.027  -29.245  -28.378  -27.903  -25.856  -25.262   -8.606   -8.199   -7.829   -7.692
   -7.124   -7.058   -1.332    1.861    2.748    3.610    4.337    6.879    7.925    8.265
    8.625    8.654    9.048    9.317    9.656   10.078
            0.466667  0.346410  0.000000
  -50.027  -29.241  -28.374  -27.916  -25.859  -25.257   -8.593   -8.218   -7.828   -7.678
   -7.135   -7.058   -1.312    1.879    2.731    3.596    4.258    6.995    7.942    8.285
    8.644    8.678    9.068    9.337    9.676   10.094
            0.461111  0.356033  0.000000
  -50.026  -29.237  -28.371  -27.932  -25.862  -25.250   -8.576   -8.240   -7.828   -7.663
   -7.148   -7.057   -1.287    1.900    2.710    3.579    4.175    7.122    7.962    8.308
    8.666    8.706    9.092    9.362    9.699   10.114
            0.455556  0.365655  0.000000
  -50.026  -29.231  -28.366  -27.949  -25.866  -25.243   -8.558   -8.263   -7.827   -7.647
   -7.163   -7.058   -1.260    1.924    2.686    3.560    4.090    7.258    7.984    8.335
    8.691    8.740    9.120    9.391    9.725   10.135
            0.450000  0.375278  0.000000
  -50.025  -29.225  -28.362  -27.968  -25.871  -25.236   -8.538   -8.287   -7.827   -7.631
   -7.179   -7.058   -1.228    1.951    2.658    3.539    4.005    7.399    8.010    8.366
    8.719    8.778    9.151    9.423    9.755   10.160
            0.444444  0.384900  0.000000
  -50.024  -29.218  -28.357  -27.988  -25.876  -25.228   -8.516   -8.312   -7.826   -7.614
   -7.197   -7.059   -1.194    1.980    2.627    3.516    3.922    7.544    8.038    8.400
    8.751    8.821    9.186    9.460    9.789   10.186
            0.438889  0.394523  0.000000
  -50.023  -29.211  -28.351  -28.010  -25.881  -25.219   -8.491   -8.338   -7.826   -7.597
   -7.217   -7.060   -1.156    2.012    2.592    3.491    3.841    7.691    8.070    8.438
    8.785    8.870    9.224    9.500    9.826   10.215
            0.433333  0.404145  0.000000
  -50.022  -29.204  -28.345  -28.033  -25.887  -25.210   -8.466   -8.363   -7.826   -7.580
   -7.238   -7.062   -1.116    2.045    2.554    3.464    3.763    7.839    8.104    8.480
    8.822    8.925    9.266    9.545    9.867   10.246
            0.427778  0.413768  0.000000
  -50.021  -29.196  -28.339  -28.057  -25.893  -25.201   -8.439   -8.389   -7.826   -7.563
   -7.260   -7.065   -1.073    2.081    2.514    3.437    3.689    7.985    8.141    8.526
    8.862    8.986    9.311    9.595    9.911   10.278
            0.422222  0.423390  0.000000
  -50.020  -29.187  -28.333  -28.081  -25.899  -25.192   -8.414   -8.410   -7.825   -7.545
   -7.283   -7.068   -1.028    2.119    2.471    3.407    3.619    8.128    8.182    8.576
    8.904    9.054    9.359    9.649    9.959   10.311
            0.416667  0.433013  0.000000
  -50.019  -29.179  -28.326  -28.106  -25.906  -25.183   -8.438   -8.381   -7.825   -7.528
   -7.308   -7.072   -0.980    2.157    2.427    3.377    3.553    8.225    8.265    8.631
    8.949    9.130    9.411    9.707   10.010   10.345
            0.411111  0.442635  0.000000
  -50.018  -29.170  -28.319  -28.131  -25.913  -25.174   -8.462   -8.350   -7.825   -7.510
   -7.333   -7.077   -0.932    2.198    2.381    3.346    3.491    8.270    8.395    8.690
    8.996    9.213    9.466    9.771   10.064   10.380
            0.405556  0.452258  0.000000
  -50.017  -29.161  -28.312  -28.155  -25.919  -25.165   -8.485   -8.319   -7.826   -7.493
   -7.359   -7.083   -0.882    2.239    2.336    3.314    3.434    8.319    8.515    8.756
    9.044    9.303    9.523    9.840   10.122   10.413
            0.400000  0.461880  0.000000
  -50.016  -29.152  -28.306  -28.180  -25.926  -25.157   -8.507   -8.288   -7.826   -7.475
   -7.386   -7.090   -0.831    2.280    2.291    3.282    3.380    8.370    8.623    8.829
    9.094    9.399    9.583    9.915   10.183   10.446
            0.394444  0.471503  0.000000
  -50.015  -29.144  -28.299  -28.203  -25.932  -25.149   -8.528   -8.256   -7.826   -7.458
   -7.413   -7.097   -0.781    2.247    2.322    3.249    3.330    8.424    8.720    8.908
    9.145    9.500    9.644    9.996   10.247   10.475
            0.388889  0.481125  0.000000
  -50.014  -29.135  -28.292  -28.226  -25.939  -25.141   -8.548   -8.225   -7.827   -7.441
   -7.440   -7.106   -0.732    2.206    2.364    3.216    3.283    8.481    8.807    8.993
    9.196    9.603    9.707   10.081   10.313   10.502
            0.383333  0.490748  0.000000
  -50.013  -29.128  -28.286  -28.247  -25.945  -25.134   -8.566   -8.194   -7.827   -7.467
   -7.423   -7.115   -0.685    2.169    2.406    3.183    3.240    8.540    8.887    9.080
    9.246    9.706    9.770   10.171   10.379   10.526
            0.377778  0.500370  0.000000
  -50.012  -29.120  -28.280  -28.267  -25.951  -25.127   -8.582   -8.164   -7.827   -7.494
   -7.406   -7.126   -0.640    2.135    2.447    3.150    3.199    8.601    8.964    9.167
    9.294    9.809    9.832   10.261   10.440   10.552
            0.372222  0.509993  0.000000
  -50.012  -29.114  -28.285  -28.274  -25.957  -25.121   -8.597   -8.135   -7.827   -7.521
   -7.390   -7.137   -0.598    2.106    2.487    3.118    3.163    8.665    9.039    9.253
    9.338    9.893    9.909   10.348   10.480   10.594
            0.366667  0.519615  0.000000
  -50.011  -29.108  -28.301  -28.269  -25.962  -25.116   -8.610   -8.108   -7.826   -7.546
   -7.373   -7.148   -0.560    2.083    2.525    3.087    3.129    8.731    9.113    9.336
    9.377    9.952   10.007   10.432   10.491   10.661
            0.361111  0.529238  0.000000
  -50.010  -29.103  -28.315  -28.265  -25.966  -25.111   -8.621   -8.084   -7.824   -7.570
   -7.357   -7.160   -0.527    2.064    2.560    3.058    3.099    8.798    9.185    9.406
    9.414   10.009   10.103   10.485   10.513   10.741
            0.355556  0.538860  0.000000
  -50.010  -29.098  -28.326  -28.261  -25.970  -25.108   -8.630   -8.063   -7.822   -7.592
   -7.342   -7.172   -0.500    2.051    2.592    3.031    3.074    8.866    9.258    9.424
    9.484   10.064   10.195   10.472   10.594   10.828
            0.350000  0.548483  0.000000
  -50.009  -29.095  -28.335  -28.258  -25.973  -25.105   -8.637   -8.046   -7.818   -7.612
   -7.328   -7.183   -0.478    2.042    2.620    3.008    3.052    8.934    9.329    9.426
    9.542   10.118   10.283   10.459   10.675   10.863
            0.344444  0.558105  0.000000
  -50.009  -29.093  -28.342  -28.255  -25.976  -25.102   -8.643   -8.034   -7.814   -7.627
   -7.316   -7.194   -0.463    2.038    2.642    2.989    3.037    8.999    9.399    9.413
    9.580   10.171   10.359   10.451   10.702   10.785
            0.338889  0.567728  0.000000
  -50.009  -29.092  -28.346  -28.254  -25.977  -25.101   -8.646   -8.027   -7.811   -7.637
   -7.308   -7.201   -0.454    2.036    2.656    2.977    3.027    9.053    9.389    9.465
    9.586   10.219   10.404   10.449   10.624   10.867
            0.333333  0.577350  0.000000
  -50.009  -29.092  -28.347  -28.253  -25.978  -25.101   -8.647   -8.025   -7.810   -7.640
   -7.305   -7.204   -0.451    2.036    2.660    2.973    3.023    9.077    9.375    9.513
    9.565   10.245   10.406   10.450   10.605   10.955
            0.322222  0.558105  0.000000
  -50.009  -29.093  -28.342  -28.255  -25.976  -25.102   -8.643   -8.033   -7.816   -7.627
   -7.317   -7.193   -0.462    2.034    2.643    2.988    3.038    8.969    9.317    9.451
    9.668   10.095   10.417   10.472   10.605   10.885
            0.311111  0.538860  0.000000
  -50.010  -29.095  -28.328  -28.262  -25.969  -25.108   -8.630   -8.054   -7.830   -7.593
   -7.343   -7.169   -0.493    2.023    2.601    3.022    3.081    8.736    8.991    9.606
    9.709    9.833   10.253   10.524   10.616   10.894
            0.300000  0.519615  0.000000
  -50.012  -29.098  -28.306  -28.274  -25.957  -25.117   -8.608   -8.082   -7.846   -7.550
   -7.376   -7.141   -0.538    1.998    2.545    3.063    3.147    8.455    8.627    9.351
    9.760    9.877   10.007   10.304   10.745   11.056
            0.288889  0.500370  0.000000
  -50.014  -29.098  -28.291  -28.278  -25.940  -25.129   -8.578   -8.113   -7.861   -7.504
   -7.410   -7.111   -0.594    1.959    2.484    3.104    3.225    8.154    8.253    8.955
    9.617    9.707   10.035   10.244   10.834   11.094
            0.277778  0.481125  0.000000
  -50.017  -29.095  -28.313  -28.245  -25.918  -25.146   -8.540   -8.145   -7.876   -7.458
   -7.445   -7.082   -0.655    1.910    2.421    3.142    3.301    7.845    7.876    8.557
    9.305    9.338   10.233   10.363   10.756   11.036
            0.266667  0.461880  0.000000
  -50.021  -29.087  -28.340  -28.209  -25.890  -25.165   -8.495   -8.174   -7.890   -7.478
   -7.415   -7.054   -0.719    1.853    2.358    3.176    3.365    7.500    7.535    8.160
    8.934    8.984   10.401   10.438   10.669   10.896
            0.255556  0.442635  0.000000
  -50.026  -29.074  -28.372  -28.170  -25.858  -25.188   -8.442   -8.200   -7.903   -7.508
   -7.376   -7.027   -0.782    1.792    2.296    3.205    3.406    7.123    7.228    7.766
    8.535    8.667   10.172   10.534   10.825   10.836
            0.244444  0.423390  0.000000
  -50.032  -29.053  -28.408  -28.129  -25.822  -25.215   -8.384   -8.220   -7.916   -7.536
   -7.340   -7.001   -0.843    1.728    2.236    3.231    3.420    6.741    6.928    7.379
    8.155    8.358    9.895   10.361   11.008   11.057
            0.233333  0.404145  0.000000
  -50.038  -29.026  -28.448  -28.088  -25.781  -25.244   -8.320   -8.235   -7.930   -7.559
   -7.310   -6.977   -0.899    1.664    2.180    3.251    3.404    6.351    6.635    7.005
    7.799    8.057    9.618   10.123   11.257   11.281
            0.222222  0.384900  0.000000
  -50.045  -28.992  -28.491  -28.047  -25.737  -25.277   -8.251   -8.244   -7.944   -7.578
   -7.284   -6.955   -0.949    1.601    2.127    3.268    3.357    5.950    6.352    6.652
    7.469    7.767    9.348    9.872   11.474   11.524
            0.211111  0.365655  0.000000
  -50.053  -28.949  -28.536  -28.007  -25.690  -25.313   -8.246   -8.180   -7.958   -7.592
   -7.263   -6.935   -0.992    1.539    2.080    3.280    3.282    5.541    6.080    6.322
    7.163    7.489    9.089    9.618   11.587   11.796
            0.200000  0.346410  0.000000
  -50.061  -28.900  -28.584  -27.967  -25.642  -25.351   -8.244   -8.106   -7.972   -7.600
   -7.247   -6.917   -1.028    1.480    2.040    3.181    3.288    5.130    5.819    6.016
    6.877    7.221    8.841    9.366   11.581   11.721
            0.188889  0.327165  0.000000
  -50.070  -28.843  -28.633  -27.929  -25.592  -25.393   -8.238   -8.032   -7.985   -7.601
   -7.236   -6.901   -1.056    1.424    2.007    3.059    3.293    4.723    5.571    5.731
    6.609    6.966    8.605    9.117   11.475   11.488
            0.177778  0.307920  0.000000
  -50.079  -28.779  -28.682  -27.893  -25.541  -25.437   -8.232   -7.994   -7.958   -7.596
   -7.230   -6.887   -1.077    1.371    1.984    2.920    3.293    4.327    5.334    5.467
    6.359    6.723    8.380    8.874   11.228   11.355
            0.166667  0.288675  0.000000
  -50.088  -28.731  -28.709  -27.859  -25.490  -25.483   -8.230   -7.994   -7.888   -7.583
   -7.228   -6.875   -1.090    1.322    1.970    2.768    3.289    3.946    5.111    5.220
    6.124    6.492    8.166    8.636   10.984   11.208
            0.155556  0.269430  0.000000
  -50.098  -28.780  -28.633  -27.827  -25.532  -25.440   -8.236   -7.981   -7.821   -7.562
   -7.231   -6.866   -1.098    1.277    1.967    2.607    3.281    3.585    4.900    4.991
    5.903    6.273    7.964    8.404   10.746   11.057
            0.144444  0.250185  0.000000
  -50.107  -28.828  -28.551  -27.797  -25.584  -25.390   -8.254   -7.954   -7.759   -7.533
   -7.236   -6.858   -1.100    1.236    1.977    2.441    3.246    3.270    4.702    4.778
    5.697    6.066    7.774    8.180   10.515   10.906
            0.133333  0.230940  0.000000
  -50.117  -28.874  -28.465  -27.769  -25.637  -25.342   -8.282   -7.915   -7.703   -7.497
   -7.245   -6.853   -1.098    1.201    1.998    2.275    2.931    3.255    4.517    4.581
    5.504    5.871    7.595    7.962   10.294   10.760
            0.122222  0.211695  0.000000
  -50.126  -28.918  -28.376  -27.744  -25.693  -25.297   -8.317   -7.865   -7.651   -7.457
   -7.257   -6.851   -1.094    1.171    2.033    2.110    2.642    3.237    4.346    4.400
    5.325    5.687    7.428    7.751   10.085   10.619
            0.111111  0.192450  0.000000
  -50.136  -28.960  -28.284  -27.722  -25.750  -25.254   -8.356   -7.809   -7.602   -7.415
   -7.270   -6.851   -1.089    1.146    1.951    2.082    2.380    3.217    4.187    4.234
    5.160    5.515    7.273    7.549    9.888   10.485
            0.100000  0.173205  0.000000
  -50.144  -28.999  -28.192  -27.702  -25.809  -25.213   -8.399   -7.749   -7.553   -7.374
   -7.284   -6.854   -1.085    1.127    1.800    2.143    2.146    3.194    4.041    4.084
    5.009    5.353    7.131    7.357    9.706   10.359
            0.088889  0.153960  0.000000
  -50.152  -29.034  -28.099  -27.684  -25.868  -25.176   -8.442   -7.687   -7.505   -7.336
   -7.298   -6.860   -1.084    1.114    1.661    1.938    2.218    3.171    3.906    3.949
    4.873    5.202    7.002    7.174    9.540   10.243
            0.077778  0.134715  0.000000
  -50.160  -29.066  -28.008  -27.669  -25.927  -25.143   -8.485   -7.626   -7.456   -7.312
   -7.301   -6.870   -1.086    1.106    1.535    1.757    2.304    3.147    3.783    3.829
    4.751    5.061    6.887    7.005    9.392   10.138
            0.066667  0.115470  0.000000
  -50.166  -29.095  -27.921  -27.656  -25.984  -25.114   -8.526   -7.566   -7.408   -7.326
   -7.271   -6.883   -1.091    1.103    1.425    1.601    2.400    3.124    3.670    3.725
    4.644    4.930    6.785    6.850    9.262   10.043
            0.055556  0.096225  0.000000
  -50.172  -29.119  -27.840  -27.645  -26.039  -25.088   -8.563   -7.512   -7.359   -7.338
   -7.246   -6.900   -1.100    1.104    1.332    1.471    2.506    3.102    3.565    3.637
    4.552    4.811    6.698    6.713    9.150    9.962
            0.044444  0.076980  0.000000
  -50.177  -29.139  -27.768  -27.636  -26.089  -25.067   -8.596   -7.463   -7.349   -7.312
   -7.226   -6.920   -1.111    1.108    1.256    1.365    2.617    3.082    3.466    3.564
    4.476    4.706    6.596    6.626    9.059    9.893
            0.033333  0.057735  0.000000
  -50.181  -29.155  -27.707  -27.629  -26.132  -25.051   -8.622   -7.424   -7.358   -7.268
   -7.211   -6.942   -1.122    1.113    1.198    1.283    2.733    3.066    3.371    3.508
    4.416    4.617    6.502    6.569    8.987    9.839
            0.022222  0.038490  0.000000
  -50.183  -29.166  -27.660  -27.625  -26.165  -25.039   -8.642   -7.394   -7.364   -7.230
   -7.200   -6.964   -1.132    1.118    1.157    1.225    2.848    3.054    3.276    3.467
    4.373    4.549    6.433    6.528    8.936    9.800
            0.011111  0.019245  0.000000
  -50.185  -29.173  -27.631  -27.622  -26.186  -25.032   -8.654   -7.376   -7.368   -7.202
   -7.193   -6.982   -1.138    1.123    1.132    1.189    2.960    3.047    3.180    3.443
    4.348    4.506    6.391    6.503    8.906    9.776
            0.000000  0.000000  0.000000
  -50.186  -29.176  -27.621  -27.621  -26.194  -25.029   -8.658   -7.369   -7.369   -7.191
   -7.191   -6.989   -1.140    1.124    1.124    1.176    3.044    3.044    3.101    3.435
    4.339    4.492    6.376    6.495    8.895    9.768
