 &plot nbnd=  26, nks=    91 /
            0.000000  0.000000  0.000000
  -49.439  -27.919  -27.148  -27.148  -24.722  -17.056   -7.211   -6.520   -6.520   -5.205
   -2.671   -2.671   -0.266    1.776    1.776    1.949    2.752    2.752    3.412    3.712
    4.511    4.933    6.176    6.827    8.322    9.850
            0.016667  0.009623  0.000000
  -49.438  -27.919  -27.151  -27.149  -24.721  -17.054   -7.208   -6.523   -6.520   -5.203
   -2.688   -2.674   -0.265    1.771    1.779    1.957    2.747    2.756    3.422    3.719
    4.518    4.944    6.187    6.834    8.326    9.856
            0.033333  0.019245  0.000000
  -49.438  -27.917  -27.157  -27.150  -24.720  -17.047   -7.201   -6.531   -6.520   -5.198
   -2.738   -2.683   -0.261    1.757    1.788    1.979    2.732    2.767    3.449    3.739
    4.539    4.975    6.220    6.858    8.340    9.871
            0.050000  0.028868  0.000000
  -49.437  -27.914  -27.169  -27.152  -24.716  -17.037   -7.189   -6.544   -6.520   -5.190
   -2.819   -2.698   -0.256    1.736    1.804    2.009    2.716    2.786    3.491    3.770
    4.573    5.024    6.275    6.898    8.362    9.896
            0.066667  0.038490  0.000000
  -49.436  -27.909  -27.184  -27.154  -24.712  -17.023   -7.172   -6.561   -6.519   -5.179
   -2.927   -2.718   -0.249    1.711    1.826    2.042    2.709    2.810    3.543    3.813
    4.621    5.089    6.350    6.953    8.393    9.926
            0.083333  0.048113  0.000000
  -49.435  -27.904  -27.203  -27.157  -24.707  -17.005   -7.151   -6.583   -6.519   -5.166
   -3.059   -2.743   -0.243    1.682    1.856    2.070    2.719    2.841    3.606    3.867
    4.680    5.166    6.442    7.026    8.432    9.942
            0.100000  0.057735  0.000000
  -49.433  -27.898  -27.226  -27.161  -24.701  -16.984   -7.126   -6.608   -6.519   -5.151
   -3.211   -2.773   -0.237    1.652    1.892    2.089    2.753    2.877    3.676    3.930
    4.751    5.252    6.549    7.115    8.478    9.848
            0.116667  0.067358  0.000000
  -49.431  -27.890  -27.252  -27.165  -24.695  -16.959   -7.099   -6.635   -6.520   -5.136
   -3.378   -2.807   -0.234    1.625    1.936    2.099    2.810    2.916    3.755    4.002
    4.832    5.346    6.665    7.220    8.531    9.706
            0.133333  0.076980  0.000000
  -49.429  -27.882  -27.281  -27.169  -24.688  -16.930   -7.069   -6.664   -6.520   -5.120
   -3.557   -2.844   -0.235    1.601    1.988    2.103    2.888    2.960    3.842    4.083
    4.924    5.445    6.784    7.338    8.586    9.578
            0.150000  0.086603  0.000000
  -49.426  -27.873  -27.312  -27.175  -24.681  -16.898   -7.038   -6.694   -6.521   -5.104
   -3.745   -2.885   -0.240    1.584    2.047    2.107    2.981    3.005    3.937    4.173
    5.024    5.548    6.903    7.464    8.641    9.484
            0.166667  0.096225  0.000000
  -49.424  -27.864  -27.345  -27.180  -24.674  -16.864   -7.008   -6.723   -6.522   -5.089
   -3.936   -2.928   -0.250    1.575    2.114    2.114    3.053    3.084    4.039    4.271
    5.132    5.656    7.016    7.585    8.691    9.435
            0.183333  0.105848  0.000000
  -49.421  -27.854  -27.378  -27.186  -24.667  -16.826   -6.980   -6.748   -6.523   -5.077
   -4.128   -2.972   -0.266    1.575    2.128    2.189    3.101    3.194    4.150    4.378
    5.247    5.768    7.119    7.691    8.737    9.428
            0.200000  0.115470  0.000000
  -49.418  -27.844  -27.413  -27.192  -24.661  -16.786   -6.959   -6.768   -6.525   -5.071
   -4.316   -3.018   -0.287    1.584    2.151    2.271    3.150    3.309    4.268    4.493
    5.366    5.884    7.206    7.770    8.792    9.420
            0.216667  0.125093  0.000000
  -49.415  -27.834  -27.447  -27.199  -24.655  -16.745   -6.950   -6.776   -6.527   -5.075
   -4.492   -3.065   -0.314    1.602    2.184    2.359    3.200    3.429    4.393    4.617
    5.489    6.004    7.271    7.823    8.865    9.367
            0.233333  0.134715  0.000000
  -49.412  -27.826  -27.481  -27.205  -24.649  -16.701   -6.954   -6.770   -6.529   -5.102
   -4.642   -3.111   -0.343    1.628    2.228    2.453    3.249    3.551    4.526    4.749
    5.613    6.128    7.307    7.863    8.954    9.304
            0.250000  0.144338  0.000000
  -49.409  -27.818  -27.513  -27.212  -24.644  -16.657   -6.971   -6.754   -6.532   -5.171
   -4.745   -3.157   -0.375    1.661    2.281    2.553    3.299    3.677    4.665    4.890
    5.735    6.254    7.315    7.901    9.039    9.276
            0.266667  0.153960  0.000000
  -49.405  -27.812  -27.543  -27.218  -24.640  -16.611   -6.994   -6.732   -6.535   -5.288
   -4.796   -3.202   -0.409    1.699    2.343    2.655    3.349    3.805    4.812    5.038
    5.852    6.382    7.309    7.935    9.089    9.321
            0.283333  0.163583  0.000000
  -49.402  -27.809  -27.569  -27.225  -24.636  -16.565   -7.019   -6.710   -6.539   -5.432
   -4.811   -3.245   -0.442    1.743    2.411    2.760    3.400    3.937    4.965    5.193
    5.959    6.510    7.304    7.963    9.120    9.427
            0.300000  0.173205  0.000000
  -49.399  -27.810  -27.590  -27.231  -24.632  -16.520   -7.046   -6.689   -6.542   -5.583
   -4.810   -3.287   -0.473    1.791    2.482    2.863    3.452    4.072    5.122    5.355
    6.052    6.637    7.318    7.980    9.166    9.556
            0.316667  0.182828  0.000000
  -49.396  -27.815  -27.605  -27.237  -24.630  -16.475   -7.073   -6.670   -6.546   -5.733
   -4.802   -3.326   -0.503    1.842    2.554    2.963    3.509    4.211    5.284    5.522
    6.129    6.761    7.360    7.992    9.234    9.691
            0.333333  0.192450  0.000000
  -49.393  -27.824  -27.615  -27.243  -24.628  -16.432   -7.099   -6.653   -6.550   -5.875
   -4.790   -3.363   -0.530    1.896    2.623    3.056    3.571    4.355    5.445    5.691
    6.197    6.881    7.434    8.006    9.317    9.818
            0.350000  0.202073  0.000000
  -49.391  -27.837  -27.620  -27.248  -24.626  -16.390   -7.124   -6.641   -6.554   -6.006
   -4.776   -3.397   -0.553    1.953    2.685    3.138    3.639    4.503    5.599    5.859
    6.271    6.995    7.536    8.032    9.404    9.907
            0.366667  0.211695  0.000000
  -49.388  -27.852  -27.621  -27.253  -24.625  -16.351   -7.148   -6.633   -6.558   -6.124
   -4.762   -3.428   -0.574    2.012    2.737    3.208    3.714    4.656    5.732    6.023
    6.371    7.098    7.659    8.080    9.475    9.867
            0.383333  0.221318  0.000000
  -49.386  -27.868  -27.620  -27.258  -24.624  -16.314   -7.172   -6.629   -6.561   -6.227
   -4.748   -3.456   -0.591    2.072    2.777    3.265    3.794    4.813    5.833    6.186
    6.513    7.187    7.792    8.155    9.480    9.708
            0.400000  0.230940  0.000000
  -49.384  -27.883  -27.617  -27.262  -24.624  -16.282   -7.193   -6.631   -6.565   -6.312
   -4.736   -3.481   -0.604    2.132    2.803    3.310    3.875    4.972    5.898    6.358
    6.691    7.264    7.929    8.259    9.326    9.602
            0.416667  0.240563  0.000000
  -49.382  -27.897  -27.614  -27.266  -24.624  -16.253   -7.213   -6.638   -6.568   -6.378
   -4.724   -3.502   -0.615    2.191    2.815    3.344    3.953    5.131    5.940    6.534
    6.890    7.336    8.055    8.385    9.103    9.488
            0.433333  0.250185  0.000000
  -49.381  -27.910  -27.610  -27.269  -24.623  -16.229   -7.231   -6.652   -6.570   -6.426
   -4.715   -3.520   -0.623    2.248    2.815    3.371    4.024    5.285    5.968    6.706
    7.098    7.418    8.151    8.511    8.909    9.321
            0.450000  0.259808  0.000000
  -49.380  -27.919  -27.607  -27.271  -24.623  -16.210   -7.246   -6.670   -6.573   -6.456
   -4.707   -3.533   -0.629    2.300    2.806    3.390    4.083    5.425    5.985    6.863
    7.299    7.529    8.185    8.557    8.827    9.144
            0.466667  0.269430  0.000000
  -49.379  -27.927  -27.605  -27.273  -24.623  -16.196   -7.257   -6.686   -6.574   -6.473
   -4.701   -3.543   -0.633    2.343    2.793    3.403    4.128    5.543    5.992    6.991
    7.465    7.689    8.144    8.487    8.787    9.037
            0.483333  0.279053  0.000000
  -49.378  -27.931  -27.603  -27.274  -24.623  -16.187   -7.265   -6.697   -6.575   -6.482
   -4.698   -3.549   -0.636    2.373    2.780    3.410    4.156    5.624    5.992    7.077
    7.582    7.873    8.084    8.377    8.641    9.013
            0.500000  0.288675  0.000000
  -49.378  -27.933  -27.603  -27.274  -24.623  -16.184   -7.267   -6.701   -6.575   -6.484
   -4.697   -3.551   -0.636    2.384    2.775    3.413    4.165    5.654    5.991    7.108
    7.628    7.967    8.079    8.297    8.560    9.009
            0.494444  0.298298  0.000000
  -49.378  -27.932  -27.603  -27.274  -24.623  -16.184   -7.266   -6.703   -6.576   -6.482
   -4.697   -3.556   -0.633    2.385    2.775    3.411    4.160    5.662    5.996    7.111
    7.629    7.968    8.081    8.298    8.562    9.009
            0.488889  0.307920  0.000000
  -49.378  -27.932  -27.603  -27.276  -24.623  -16.183   -7.263   -6.708   -6.576   -6.475
   -4.697   -3.572   -0.625    2.388    2.775    3.404    4.145    5.684    6.013    7.119
    7.632    7.972    8.086    8.302    8.565    9.011
            0.483333  0.317543  0.000000
  -49.378  -27.930  -27.602  -27.279  -24.623  -16.181   -7.259   -6.716   -6.577   -6.464
   -4.697   -3.597   -0.611    2.393    2.775    3.394    4.122    5.718    6.041    7.134
    7.638    7.979    8.094    8.309    8.571    9.013
            0.477778  0.327165  0.000000
  -49.378  -27.929  -27.602  -27.283  -24.622  -16.179   -7.253   -6.726   -6.578   -6.450
   -4.698   -3.633   -0.592    2.400    2.775    3.380    4.091    5.762    6.081    7.155
    7.646    7.989    8.105    8.319    8.580    9.015
            0.472222  0.336788  0.000000
  -49.378  -27.927  -27.601  -27.288  -24.621  -16.177   -7.245   -6.738   -6.578   -6.434
   -4.698   -3.677   -0.568    2.408    2.774    3.363    4.055    5.812    6.134    7.182
    7.657    8.001    8.120    8.331    8.590    9.017
            0.466667  0.346410  0.000000
  -49.378  -27.924  -27.601  -27.294  -24.620  -16.174   -7.236   -6.751   -6.577   -6.417
   -4.699   -3.729   -0.539    2.417    2.772    3.345    4.015    5.865    6.201    7.215
    7.669    8.015    8.138    8.346    8.604    9.019
            0.461111  0.356033  0.000000
  -49.377  -27.921  -27.600  -27.300  -24.619  -16.170   -7.225   -6.764   -6.577   -6.398
   -4.700   -3.789   -0.507    2.427    2.769    3.325    3.972    5.918    6.281    7.254
    7.685    8.031    8.159    8.363    8.619    9.021
            0.455556  0.365655  0.000000
  -49.377  -27.918  -27.599  -27.308  -24.618  -16.166   -7.214   -6.777   -6.576   -6.378
   -4.701   -3.855   -0.472    2.437    2.765    3.307    3.929    5.971    6.373    7.300
    7.703    8.049    8.183    8.383    8.637    9.021
            0.450000  0.375278  0.000000
  -49.377  -27.914  -27.598  -27.317  -24.617  -16.161   -7.201   -6.791   -6.574   -6.357
   -4.702   -3.927   -0.433    2.446    2.758    3.290    3.884    6.021    6.477    7.353
    7.724    8.069    8.211    8.405    8.657    9.019
            0.444444  0.384900  0.000000
  -49.377  -27.910  -27.597  -27.326  -24.616  -16.156   -7.188   -6.804   -6.572   -6.336
   -4.704   -4.004   -0.392    2.455    2.748    3.275    3.841    6.070    6.589    7.412
    7.747    8.090    8.242    8.430    8.680    9.016
            0.438889  0.394523  0.000000
  -49.376  -27.905  -27.596  -27.336  -24.614  -16.150   -7.174   -6.815   -6.570   -6.314
   -4.706   -4.084   -0.349    2.462    2.735    3.265    3.797    6.115    6.708    7.476
    7.774    8.111    8.277    8.457    8.704    9.013
            0.433333  0.404145  0.000000
  -49.376  -27.901  -27.595  -27.346  -24.613  -16.145   -7.161   -6.826   -6.568   -6.291
   -4.708   -4.167   -0.304    2.468    2.719    3.259    3.755    6.158    6.831    7.544
    7.805    8.134    8.315    8.486    8.731    9.010
            0.427778  0.413768  0.000000
  -49.376  -27.895  -27.593  -27.358  -24.612  -16.139   -7.148   -6.835   -6.565   -6.267
   -4.711   -4.252   -0.257    2.472    2.700    3.258    3.715    6.198    6.958    7.614
    7.840    8.159    8.356    8.518    8.760    9.010
            0.422222  0.423390  0.000000
  -49.375  -27.890  -27.592  -27.369  -24.610  -16.132   -7.136   -6.842   -6.563   -6.243
   -4.716   -4.337   -0.210    2.473    2.679    3.262    3.676    6.235    7.085    7.682
    7.880    8.189    8.401    8.553    8.792    9.015
            0.416667  0.433013  0.000000
  -49.375  -27.885  -27.591  -27.381  -24.609  -16.126   -7.126   -6.846   -6.560   -6.218
   -4.723   -4.421   -0.162    2.472    2.657    3.269    3.639    6.268    7.212    7.743
    7.921    8.229    8.449    8.592    8.827    9.026
            0.411111  0.442635  0.000000
  -49.374  -27.879  -27.589  -27.393  -24.607  -16.119   -7.118   -6.848   -6.556   -6.192
   -4.734   -4.501   -0.115    2.469    2.634    3.279    3.605    6.297    7.336    7.796
    7.959    8.287    8.500    8.634    8.865    9.045
            0.405556  0.452258  0.000000
  -49.374  -27.873  -27.588  -27.405  -24.606  -16.113   -7.112   -6.847   -6.553   -6.165
   -4.755   -4.571   -0.067    2.463    2.612    3.290    3.574    6.323    7.455    7.838
    7.992    8.366    8.554    8.683    8.907    9.071
            0.400000  0.461880  0.000000
  -49.374  -27.867  -27.587  -27.416  -24.605  -16.106   -7.108   -6.844   -6.549   -6.137
   -4.795   -4.623   -0.020    2.455    2.591    3.301    3.547    6.343    7.565    7.873
    8.022    8.463    8.611    8.740    8.954    9.105
            0.394444  0.471503  0.000000
  -49.373  -27.862  -27.586  -27.428  -24.603  -16.100   -7.107   -6.838   -6.546   -6.108
   -4.855   -4.652    0.025    2.445    2.573    3.308    3.526    6.360    7.658    7.909
    8.055    8.568    8.668    8.807    9.004    9.147
            0.388889  0.481125  0.000000
  -49.373  -27.856  -27.584  -27.439  -24.602  -16.094   -7.107   -6.830   -6.542   -6.078
   -4.928   -4.667    0.069    2.433    2.558    3.310    3.513    6.372    7.720    7.961
    8.094    8.672    8.726    8.888    9.060    9.197
            0.383333  0.490748  0.000000
  -49.373  -27.851  -27.583  -27.450  -24.601  -16.088   -7.109   -6.821   -6.538   -6.047
   -5.005   -4.675    0.111    2.421    2.545    3.305    3.509    6.381    7.746    8.040
    8.138    8.769    8.784    8.982    9.120    9.256
            0.377778  0.500370  0.000000
  -49.372  -27.846  -27.582  -27.460  -24.600  -16.082   -7.112   -6.812   -6.534   -6.014
   -5.082   -4.680    0.149    2.410    2.534    3.294    3.512    6.385    7.750    8.134
    8.189    8.840    8.859    9.083    9.186    9.326
            0.372222  0.509993  0.000000
  -49.372  -27.841  -27.581  -27.469  -24.599  -16.076   -7.116   -6.803   -6.530   -5.981
   -5.158   -4.684    0.185    2.400    2.525    3.277    3.521    6.386    7.743    8.225
    8.253    8.894    8.942    9.180    9.255    9.407
            0.366667  0.519615  0.000000
  -49.372  -27.836  -27.580  -27.478  -24.599  -16.072   -7.119   -6.794   -6.527   -5.946
   -5.231   -4.686    0.217    2.392    2.518    3.259    3.533    6.385    7.733    8.289
    8.349    8.945    9.024    9.267    9.329    9.498
            0.361111  0.529238  0.000000
  -49.371  -27.833  -27.580  -27.485  -24.598  -16.067   -7.123   -6.786   -6.524   -5.910
   -5.300   -4.688    0.244    2.387    2.511    3.241    3.545    6.382    7.723    8.349
    8.452    8.988    9.104    9.345    9.407    9.586
            0.355556  0.538860  0.000000
  -49.371  -27.830  -27.579  -27.491  -24.597  -16.064   -7.126   -6.780   -6.521   -5.875
   -5.363   -4.689    0.267    2.384    2.506    3.224    3.556    6.377    7.715    8.409
    8.554    9.020    9.183    9.417    9.487    9.661
            0.350000  0.548483  0.000000
  -49.371  -27.827  -27.579  -27.496  -24.597  -16.061   -7.129   -6.775   -6.518   -5.840
   -5.419   -4.690    0.284    2.384    2.501    3.209    3.565    6.372    7.708    8.469
    8.652    9.032    9.261    9.482    9.569    9.695
            0.344444  0.558105  0.000000
  -49.371  -27.825  -27.578  -27.499  -24.597  -16.058   -7.131   -6.771   -6.517   -5.810
   -5.466   -4.690    0.297    2.385    2.498    3.198    3.572    6.368    7.703    8.527
    8.746    9.013    9.336    9.531    9.627    9.665
            0.338889  0.567728  0.000000
  -49.371  -27.824  -27.578  -27.501  -24.597  -16.057   -7.132   -6.769   -6.515   -5.788
   -5.498   -4.691    0.305    2.387    2.495    3.191    3.577    6.365    7.701    8.578
    8.829    8.963    9.405    9.528    9.606    9.735
            0.333333  0.577350  0.000000
  -49.371  -27.824  -27.578  -27.502  -24.597  -16.057   -7.133   -6.768   -6.515   -5.779
   -5.509   -4.691    0.307    2.388    2.494    3.188    3.578    6.364    7.700    8.602
    8.886    8.911    9.452    9.490    9.612    9.790
            0.322222  0.558105  0.000000
  -49.371  -27.825  -27.578  -27.500  -24.597  -16.059   -7.131   -6.771   -6.516   -5.807
   -5.469   -4.690    0.298    2.381    2.499    3.198    3.573    6.369    7.702    8.461
    8.830    8.974    9.395    9.425    9.567    9.747
            0.311111  0.538860  0.000000
  -49.371  -27.828  -27.579  -27.492  -24.597  -16.065   -7.125   -6.777   -6.520   -5.858
   -5.380   -4.689    0.272    2.357    2.515    3.221    3.562    6.384    7.705    8.173
    8.646    9.005    9.151    9.432    9.638    9.808
            0.300000  0.519615  0.000000
  -49.372  -27.831  -27.581  -27.481  -24.598  -16.076   -7.116   -6.786   -6.526   -5.906
   -5.272   -4.687    0.232    2.317    2.540    3.243    3.558    6.408    7.680    7.881
    8.377    8.693    9.269    9.419    9.622    9.840
            0.288889  0.500370  0.000000
  -49.373  -27.835  -27.584  -27.466  -24.599  -16.092   -7.105   -6.793   -6.534   -5.942
   -5.156   -4.683    0.183    2.265    2.569    3.241    3.577    6.431    7.456    7.768
    8.091    8.371    9.286    9.412    9.489    9.870
            0.277778  0.481125  0.000000
  -49.374  -27.836  -27.587  -27.449  -24.601  -16.113   -7.092   -6.796   -6.543   -5.965
   -5.039   -4.674    0.127    2.205    2.600    3.208    3.620    6.446    7.125    7.700
    7.817    8.118    9.058    9.301    9.531    9.835
            0.266667  0.461880  0.000000
  -49.375  -27.837  -27.591  -27.431  -24.603  -16.139   -7.080   -6.793   -6.552   -5.974
   -4.931   -4.653    0.068    2.139    2.632    3.153    3.672    6.435    6.785    7.486
    7.577    8.026    8.797    9.131    9.474    9.971
            0.255556  0.442635  0.000000
  -49.377  -27.834  -27.595  -27.411  -24.605  -16.170   -7.068   -6.781   -6.563   -5.967
   -4.850   -4.602    0.009    2.070    2.660    3.089    3.720    6.366    6.468    7.212
    7.335    8.031    8.543    8.937    9.423   10.162
            0.244444  0.423390  0.000000
  -49.379  -27.830  -27.600  -27.391  -24.607  -16.206   -7.057   -6.762   -6.576   -5.945
   -4.810   -4.511   -0.049    2.000    2.679    3.027    3.753    6.081    6.326    6.933
    7.117    8.022    8.328    8.756    9.414   10.194
            0.233333  0.404145  0.000000
  -49.382  -27.824  -27.604  -27.371  -24.609  -16.246   -7.047   -6.739   -6.589   -5.906
   -4.798   -4.392   -0.102    1.930    2.682    2.978    3.765    5.751    6.191    6.658
    6.933    7.900    8.206    8.619    9.443   10.077
            0.222222  0.384900  0.000000
  -49.385  -27.816  -27.607  -27.351  -24.612  -16.290   -7.035   -6.713   -6.604   -5.848
   -4.797   -4.262   -0.150    1.862    2.661    2.949    3.754    5.427    6.022    6.393
    6.777    7.694    8.122    8.546    9.493    9.939
            0.211111  0.365655  0.000000
  -49.387  -27.808  -27.607  -27.331  -24.614  -16.337   -7.022   -6.692   -6.618   -5.770
   -4.803   -4.129   -0.191    1.796    2.618    2.939    3.717    5.118    5.831    6.141
    6.636    7.472    8.023    8.522    9.516    9.786
            0.200000  0.346410  0.000000
  -49.391  -27.802  -27.603  -27.313  -24.618  -16.387   -7.007   -6.682   -6.623   -5.673
   -4.811   -3.996   -0.225    1.734    2.561    2.935    3.656    4.827    5.630    5.901
    6.499    7.254    7.924    8.518    9.478    9.623
            0.188889  0.327165  0.000000
  -49.394  -27.797  -27.594  -27.295  -24.621  -16.439   -6.989   -6.692   -6.614   -5.558
   -4.820   -3.864   -0.250    1.677    2.501    2.928    3.571    4.561    5.429    5.675
    6.359    7.044    7.836    8.521    9.387    9.462
            0.177778  0.307920  0.000000
  -49.397  -27.797  -27.579  -27.277  -24.626  -16.493   -6.968   -6.714   -6.599   -5.430
   -4.825   -3.736   -0.266    1.626    2.441    2.908    3.469    4.321    5.231    5.462
    6.216    6.844    7.760    8.523    9.242    9.351
            0.166667  0.288675  0.000000
  -49.401  -27.800  -27.558  -27.261  -24.630  -16.547   -6.946   -6.742   -6.584   -5.297
   -4.819   -3.612   -0.275    1.582    2.385    2.868    3.358    4.109    5.040    5.261
    6.067    6.653    7.691    8.516    9.074    9.295
            0.155556  0.269430  0.000000
  -49.405  -27.806  -27.531  -27.246  -24.636  -16.601   -6.922   -6.771   -6.570   -5.175
   -4.788   -3.494   -0.277    1.547    2.333    2.798    3.254    3.923    4.857    5.073
    5.915    6.472    7.621    8.485    8.920    9.287
            0.144444  0.250185  0.000000
  -49.408  -27.815  -27.499  -27.232  -24.642  -16.654   -6.901   -6.799   -6.558   -5.094
   -4.703   -3.382   -0.273    1.521    2.286    2.696    3.167    3.757    4.683    4.897
    5.762    6.301    7.542    8.409    8.810    9.325
            0.133333  0.230940  0.000000
  -49.412  -27.825  -27.465  -27.219  -24.648  -16.707   -6.896   -6.811   -6.548   -5.061
   -4.560   -3.277   -0.265    1.506    2.246    2.573    3.096    3.607    4.518    4.733
    5.609    6.140    7.448    8.272    8.766    9.371
            0.122222  0.211695  0.000000
  -49.416  -27.836  -27.429  -27.208  -24.655  -16.757   -6.916   -6.797   -6.540   -5.057
   -4.379   -3.179   -0.255    1.501    2.211    2.442    3.034    3.470    4.364    4.581
    5.460    5.988    7.339    8.097    8.761    9.294
            0.111111  0.192450  0.000000
  -49.419  -27.848  -27.391  -27.197  -24.663  -16.804   -6.951   -6.768   -6.533   -5.066
   -4.180   -3.090   -0.245    1.506    2.183    2.315    2.976    3.342    4.220    4.440
    5.316    5.843    7.217    7.906    8.757    9.258
            0.100000  0.173205  0.000000
  -49.422  -27.860  -27.353  -27.188  -24.671  -16.849   -6.989   -6.735   -6.528   -5.081
   -3.972   -3.009   -0.237    1.522    2.158    2.203    2.919    3.224    4.086    4.312
    5.178    5.707    7.084    7.714    8.725    9.294
            0.088889  0.153960  0.000000
  -49.426  -27.871  -27.317  -27.179  -24.679  -16.890   -7.028   -6.701   -6.525   -5.099
   -3.762   -2.937   -0.231    1.547    2.094    2.149    2.862    3.118    3.963    4.195
    5.050    5.578    6.945    7.530    8.665    9.395
            0.077778  0.134715  0.000000
  -49.428  -27.881  -27.282  -27.172  -24.688  -16.928   -7.065   -6.666   -6.522   -5.118
   -3.554   -2.873   -0.230    1.579    2.011    2.133    2.806    3.025    3.851    4.090
    4.932    5.455    6.802    7.362    8.596    9.538
            0.066667  0.115470  0.000000
  -49.431  -27.891  -27.249  -27.165  -24.695  -16.961   -7.100   -6.633   -6.521   -5.137
   -3.355   -2.819   -0.232    1.615    1.942    2.117    2.756    2.947    3.750    3.996
    4.826    5.340    6.659    7.216    8.529    9.708
            0.055556  0.096225  0.000000
  -49.433  -27.899  -27.220  -27.160  -24.703  -16.989   -7.132   -6.602   -6.520   -5.155
   -3.169   -2.773   -0.238    1.654    1.887    2.095    2.720    2.884    3.660    3.915
    4.734    5.233    6.525    7.094    8.468    9.885
            0.044444  0.076980  0.000000
  -49.435  -27.906  -27.195  -27.156  -24.709  -17.013   -7.159   -6.574   -6.520   -5.171
   -3.004   -2.736   -0.245    1.691    1.845    2.064    2.704    2.835    3.581    3.845
    4.656    5.135    6.405    6.996    8.416    9.945
            0.033333  0.057735  0.000000
  -49.437  -27.912  -27.175  -27.153  -24.715  -17.031   -7.181   -6.551   -6.520   -5.185
   -2.865   -2.707   -0.253    1.724    1.814    2.025    2.709    2.798    3.514    3.789
    4.594    5.052    6.307    6.922    8.375    9.910
            0.022222  0.038490  0.000000
  -49.438  -27.916  -27.160  -27.150  -24.719  -17.045   -7.198   -6.534   -6.520   -5.196
   -2.760   -2.687   -0.260    1.751    1.792    1.987    2.726    2.773    3.460    3.747
    4.548    4.988    6.235    6.869    8.346    9.878
            0.011111  0.019245  0.000000
  -49.438  -27.918  -27.151  -27.149  -24.721  -17.053   -7.207   -6.523   -6.520   -5.202
   -2.694   -2.675   -0.265    1.769    1.780    1.959    2.745    2.758    3.425    3.721
    4.520    4.947    6.191    6.837    8.328    9.857
            0.000000  0.000000  0.000000
  -49.439  -27.919  -27.148  -27.148  -24.722  -17.056   -7.211   -6.520   -6.520   -5.205
   -2.671   -2.671   -0.266    1.776    1.776    1.949    2.752    2.752    3.412    3.712
    4.511    4.933    6.176    6.827    8.322    9.850
