        0.0000000000      -14.0512933791
        0.0020040080      -14.2287582777
        0.0040080160      -14.4033384144
        0.0060120240      -14.5749359047
        0.0080160321      -14.7434550872
        0.0100200401      -14.9088023542
        0.0120240481      -15.0708859672
        0.0140280561      -15.2296158549
        0.0160320641      -15.3849033913
        0.0180360721      -15.5366611541
        0.0200400802      -15.6848026657
        0.0220440882      -15.8292421208
        0.0240480962      -15.9698941051
        0.0260521042      -16.1066733136
        0.0280561122      -16.2394942772
        0.0300601202      -16.3682711078
        0.0320641283      -16.4929172715
        0.0340681363      -16.6133454044
        0.0360721443      -16.7294671788
        0.0380761523      -16.8411932332
        0.0400801603      -16.9484331743
        0.0420841683      -17.0510956599
        0.0440881764      -17.1490885684
        0.0460921844      -17.2423192593
        0.0480961924      -17.3306949246
        0.0501002004      -17.4141230308
        0.0521042084      -17.4925118457
        0.0541082164      -17.5657710432
        0.0561122244      -17.6338123744
        0.0581162325      -17.6965503935
        0.0601202405      -17.7539032217
        0.0621242485      -17.8057933338
        0.0641282565      -17.8521483466
        0.0661322645      -17.8929017929
        0.0681362725      -17.9279938596
        0.0701402806      -17.9573720725
        0.0721442886      -17.9809919100
        0.0741482966      -17.9988173291
        0.0761523046      -18.0108211920
        0.0781563126      -18.0169855797
        0.0801603206      -18.0173019871
        0.0821643287      -18.0117713942
        0.0841683367      -18.0004042119
        0.0861723447      -17.9832201053
        0.0881763527      -17.9602477003
        0.0901803607      -17.9315241822
        0.0921843687      -17.8970947977
        0.0941883768      -17.8570122754
        0.0961923848      -17.8113361803
        0.0981963928      -17.7601322190
        0.1002004008      -17.7034715156
        0.1022044088      -17.6414298744
        0.1042084168      -17.5740870491
        0.1062124248      -17.5015260344
        0.1082164329      -17.4238323952
        0.1102204409      -17.3410936474
        0.1122244489      -17.2533987002
        0.1142284569      -17.1608373691
        0.1162324649      -17.0634999646
        0.1182364729      -16.9614769601
        0.1202404810      -16.8548587375
        0.1222444890      -16.7437354099
        0.1242484970      -16.6281967154
        0.1262525050      -16.5083319754
        0.1282565130      -16.3842301093
        0.1302605210      -16.2559796970
        0.1322645291      -16.1236690780
        0.1342685371      -15.9873864791
        0.1362725451      -15.8472201592
        0.1382765531      -15.7032585646
        0.1402805611      -15.5555904860
        0.1422845691      -15.4043052120
        0.1442885772      -15.2494926753
        0.1462925852      -15.0912435880
        0.1482965932      -14.9296495676
        0.1503006012      -14.7648032528
        0.1523046092      -14.5967984143
        0.1543086172      -14.4257300623
        0.1563126253      -14.2516945585
        0.1583166333      -14.0747897360
        0.1603206413      -13.8951150352
        0.1623246493      -13.7127716592
        0.1643286573      -13.5278627545
        0.1663326653      -13.3404936213
        0.1683366733      -13.1507719536
        0.1703406814      -12.9588081105
        0.1723446894      -12.7647154166
        0.1743486974      -12.5686104863
        0.1763527054      -12.3706135665
        0.1783567134      -12.1708488877
        0.1803607214      -11.9694450144
        0.1823647295      -11.7665351797
        0.1843687375      -11.5622575925
        0.1863727455      -11.3567557016
        0.1883767535      -11.1501784003
        0.1903807615      -10.9426801593
        0.1923847695      -10.7344210710
        0.1943887776      -10.5255667942
        0.1963927856      -10.3162883880
        0.1983967936      -10.1067620267
        0.2004008016       -9.8971685904
        0.2024048096       -9.6876931304
        0.2044088176       -9.4785242089
        0.2064128257       -9.2698531213
        0.2084168337       -9.0618730074
        0.2104208417       -8.8547778664
        0.2124248497       -8.6487614897
        0.2144288577       -8.4440163316
        0.2164328657       -8.2407323387
        0.2184368737       -8.0390957607
        0.2204408818       -7.8392879669
        0.2224448898       -7.6414842933
        0.2244488978       -7.4458529431
        0.2264529058       -7.2525539653
        0.2284569138       -7.0617383317
        0.2304609218       -6.8735471309
        0.2324649299       -6.6881108956
        0.2344689379       -6.5055490744
        0.2364729459       -6.3259696575
        0.2384769539       -6.1494689590
        0.2404809619       -5.9761315567
        0.2424849699       -5.8060303840
        0.2444889780       -5.6392269659
        0.2464929860       -5.4757717876
        0.2484969940       -5.3157047783
        0.2505010020       -5.1590558944
        0.2525050100       -5.0058457802
        0.2545090180       -4.8560864856
        0.2565130261       -4.7097822172
        0.2585170341       -4.5669301033
        0.2605210421       -4.4275209484
        0.2625250501       -4.2915399601
        0.2645290581       -4.1589674298
        0.2665330661       -4.0297793523
        0.2685370741       -3.9039479730
        0.2705410822       -3.7814422547
        0.2725450902       -3.6622282580
        0.2745490982       -3.5462694363
        0.2765531062       -3.4335268462
        0.2785571142       -3.3239592791
        0.2805611222       -3.2175233243
        0.2825651303       -3.1141733728
        0.2845691383       -3.0138615763
        0.2865731463       -2.9165377750
        0.2885771543       -2.8221494101
        0.2905811623       -2.7306414364
        0.2925851703       -2.6419562485
        0.2945891784       -2.5560336366
        0.2965931864       -2.4728107806
        0.2985971944       -2.3922222955
        0.3006012024       -2.3142003331
        0.3026052104       -2.2386747451
        0.3046092184       -2.1655733097
        0.3066132265       -2.0948220194
        0.3086172345       -2.0263454265
        0.3106212425       -1.9600670384
        0.3126252505       -1.8959097545
        0.3146292585       -1.8337963335
        0.3166332665       -1.7736498774
        0.3186372745       -1.7153943194
        0.3206412826       -1.6589549025
        0.3226452906       -1.6042586339
        0.3246492986       -1.5512347019
        0.3266533066       -1.4998148459
        0.3286573146       -1.4499336663
        0.3306613226       -1.4015288690
        0.3326653307       -1.3545414370
        0.3346693387       -1.3089157279
        0.3366733467       -1.2645994943
        0.3386773547       -1.2215438331
        0.3406813627       -1.1797030645
        0.3426853707       -1.1390345511
        0.3446893788       -1.0994984638
        0.3466933868       -1.0610575074
        0.3486973948       -1.0236766151
        0.3507014028       -0.9873226276
        0.3527054108       -0.9519639671
        0.3547094188       -0.9175703197
        0.3567134269       -0.8841123382
        0.3587174349       -0.8515613749
        0.3607214429       -0.8198892543
        0.3627254509       -0.7890680916
        0.3647294589       -0.7590701632
        0.3667334669       -0.7298678298
        0.3687374749       -0.7014335143
        0.3707414830       -0.6737397311
        0.3727454910       -0.6467591630
        0.3747494990       -0.6204647791
        0.3767535070       -0.5948299870
        0.3787575150       -0.5698288085
        0.3807615230       -0.5454360701
        0.3827655311       -0.5216275982
        0.3847695391       -0.4983804065
        0.3867735471       -0.4756728688
        0.3887775551       -0.4534848650
        0.3907815631       -0.4317978946
        0.3927855711       -0.4105951506
        0.3947895792       -0.3898615487
        0.3967935872       -0.3695837106
        0.3987975952       -0.3497498994
        0.4008016032       -0.3303499094
        0.4028056112       -0.3113749138
        0.4048096192       -0.2928172754
        0.4068136273       -0.2746703264
        0.4088176353       -0.2569281274
        0.4108216433       -0.2395852127
        0.4128256513       -0.2226363317
        0.4148296593       -0.2060761979
        0.4168336673       -0.1898992528
        0.4188376754       -0.1740994552
        0.4208416834       -0.1586701028
        0.4228456914       -0.1436036932
        0.4248496994       -0.1288918294
        0.4268537074       -0.1145251730
        0.4288577154       -0.1004934458
        0.4308617234       -0.0867854807
        0.4328657315       -0.0733893184
        0.4348697395       -0.0602923456
        0.4368737475       -0.0474814702
        0.4388777555       -0.0349433244
        0.4408817635       -0.0226644893
        0.4428857715       -0.0106317306
        0.4448897796        0.0011677631
        0.4468937876        0.0127461495
        0.4488977956        0.0241147177
        0.4509018036        0.0352836985
        0.4529058116        0.0462621065
        0.4549098196        0.0570576201
        0.4569138277        0.0676765051
        0.4589178357        0.0781235836
        0.4609218437        0.0884022495
        0.4629258517        0.0985145311
        0.4649298597        0.1084611974
        0.4669338677        0.1182419036
        0.4689378758        0.1278553724
        0.4709418838        0.1372996022
        0.4729458918        0.1465720950
        0.4749498998        0.1556700975
        0.4769539078        0.1645908431
        0.4789579158        0.1733317900
        0.4809619238        0.1818908436
        0.4829659319        0.1902665579
        0.4849699399        0.1984583073
        0.4869739479        0.2064664239
        0.4889779559        0.2142922957
        0.4909819639        0.2219384228
        0.4929859719        0.2294084300
        0.4949899800        0.2367070361
        0.4969939880        0.2438399827
        0.4989979960        0.2508139235
        0.5010020040        0.2576362817
        0.5030060120        0.2643150785
        0.5050100200        0.2708587411
        0.5070140281        0.2772758968
        0.5090180361        0.2835751607
        0.5110220441        0.2897649251
        0.5130260521        0.2958531582
        0.5150300601        0.3018472186
        0.5170340681        0.3077536921
        0.5190380762        0.3135782568
        0.5210420842        0.3193255799
        0.5230460922        0.3249992495
        0.5250501002        0.3306017443
        0.5270541082        0.3361344391
        0.5290581162        0.3415976479
        0.5310621242        0.3469907007
        0.5330661323        0.3523120511
        0.5350701403        0.3575594104
        0.5370741483        0.3627299034
        0.5390781563        0.3678202390
        0.5410821643        0.3728268908
        0.5430861723        0.3777462806
        0.5450901804        0.3825749580
        0.5470941884        0.3873097715
        0.5490981964        0.3919480243
        0.5511022044        0.3964876099
        0.5531062124        0.4009271246
        0.5551102204        0.4052659527
        0.5571142285        0.4095043221
        0.5591182365        0.4136433299
        0.5611222445        0.4176849376
        0.5631262525        0.4216319368
        0.5651302605        0.4254878874
        0.5671342685        0.4292570305
        0.5691382766        0.4329441808
        0.5711422846        0.4365546010
        0.5731462926        0.4400938638
        0.5751503006        0.4435677061
        0.5771543086        0.4469818795
        0.5791583166        0.4503420039
        0.5811623246        0.4536534257
        0.5831663327        0.4569210885
        0.5851703407        0.4601494174
        0.5871743487        0.4633422208
        0.5891783567        0.4665026136
        0.5911823647        0.4696329612
        0.5931863727        0.4727348482
        0.5951903808        0.4758090698
        0.5971943888        0.4788556469
        0.5991983968        0.4818738634
        0.6012024048        0.4848623241
        0.6032064128        0.4878190315
        0.6052104208        0.4907414772
        0.6072144289        0.4936267468
        0.6092184369        0.4964716343
        0.6112224449        0.4992727613
        0.6132264529        0.5020266996
        0.6152304609        0.5047300914
        0.6172344689        0.5073797665
        0.6192384770        0.5099728498
        0.6212424850        0.5125068600
        0.6232464930        0.5149797940
        0.6252505010        0.5173901970
        0.6272545090        0.5197372154
        0.6292585170        0.5220206320
        0.6312625251        0.5242408829
        0.6332665331        0.5263990554
        0.6352705411        0.5284968685
        0.6372745491        0.5305366347
        0.6392785571        0.5325212069
        0.6412825651        0.5344539101
        0.6432865731        0.5363384611
        0.6452905812        0.5381788771
        0.6472945892        0.5399793778
        0.6492985972        0.5417442818
        0.6513026052        0.5434779007
        0.6533066132        0.5451844349
        0.6553106212        0.5468678712
        0.6573146293        0.5485318886
        0.6593186373        0.5501797713
        0.6613226453        0.5518143333
        0.6633266533        0.5534378562
        0.6653306613        0.5550520420
        0.6673346693        0.5566579811
        0.6693386774        0.5582561381
        0.6713426854        0.5598463546
        0.6733466934        0.5614278689
        0.6753507014        0.5629993534
        0.6773547094        0.5645589666
        0.6793587174        0.5661044200
        0.6813627255        0.5676330575
        0.6833667335        0.5691419440
        0.6853707415        0.5706279629
        0.6873747495        0.5720879173
        0.6893787575        0.5735186333
        0.6913827655        0.5749170620
        0.6933867735        0.5762803776
        0.6953907816        0.5776060674
        0.6973947896        0.5788920124
        0.6993987976        0.5801365554
        0.7014028056        0.5813385542
        0.7034068136        0.5824974190
        0.7054108216        0.5836131324
        0.7074148297        0.5846862509
        0.7094188377        0.5857178896
        0.7114228457        0.5867096883
        0.7134268537        0.5876637621
        0.7154308617        0.5885826376
        0.7174348697        0.5894691763
        0.7194388778        0.5903264885
        0.7214428858        0.5911578407
        0.7234468938        0.5919665592
        0.7254509018        0.5927559338
        0.7274549098        0.5935291248
        0.7294589178        0.5942890758
        0.7314629259        0.5950384371
        0.7334669339        0.5957795008
        0.7354709419        0.5965141498
        0.7374749499        0.5972438248
        0.7394789579        0.5979695066
        0.7414829659        0.5986917180
        0.7434869739        0.5994105427
        0.7454909820        0.6001256609
        0.7474949900        0.6008364010
        0.7494989980        0.6015418041
        0.7515030060        0.6022406992
        0.7535070140        0.6029317864
        0.7555110220        0.6036137239
        0.7575150301        0.6042852163
        0.7595190381        0.6049450991
        0.7615230461        0.6055924180
        0.7635270541        0.6062264972
        0.7655310621        0.6068469961
        0.7675350701        0.6074539501
        0.7695390782        0.6080477947
        0.7715430862        0.6086293715
        0.7735470942        0.6091999153
        0.7755511022        0.6097610225
        0.7775551102        0.6103146027
        0.7795591182        0.6108628138
        0.7815631263        0.6114079846
        0.7835671343        0.6119525260
        0.7855711423        0.6124988367
        0.7875751503        0.6130492039
        0.7895791583        0.6136057069
        0.7915831663        0.6141701237
        0.7935871743        0.6147438472
        0.7955911824        0.6153278135
        0.7975951904        0.6159224459
        0.7995991984        0.6165276157
        0.8016032064        0.6171426248
        0.8036072144        0.6177662075
        0.8056112224        0.6183965553
        0.8076152305        0.6190313611
        0.8096192385        0.6196678845
        0.8116232465        0.6203030335
        0.8136272545        0.6209334608
        0.8156312625        0.6215556724
        0.8176352705        0.6221661416
        0.8196392786        0.6227614275
        0.8216432866        0.6233382912
        0.8236472946        0.6238938060
        0.8256513026        0.6244254575
        0.8276553106        0.6249312298
        0.8296593186        0.6254096734
        0.8316633267        0.6258599535
        0.8336673347        0.6262818755
        0.8356713427        0.6266758873
        0.8376753507        0.6270430576
        0.8396793587        0.6273850318
        0.8416833667        0.6277039658
        0.8436873747        0.6280024412
        0.8456913828        0.6282833649
        0.8476953908        0.6285498569
        0.8496993988        0.6288051298
        0.8517034068        0.6290523667
        0.8537074148        0.6292946000
        0.8557114228        0.6295345977
        0.8577154309        0.6297747606
        0.8597194389        0.6300170347
        0.8617234469        0.6302628433
        0.8637274549        0.6305130400
        0.8657314629        0.6307678861
        0.8677354709        0.6310270520
        0.8697394790        0.6312896437
        0.8717434870        0.6315542539
        0.8737474950        0.6318190333
        0.8757515030        0.6320817828
        0.8777555110        0.6323400601
        0.8797595190        0.6325912986
        0.8817635271        0.6328329320
        0.8837675351        0.6330625217
        0.8857715431        0.6332778796
        0.8877755511        0.6334771839
        0.8897795591        0.6336590802
        0.8917835671        0.6338227668
        0.8937875752        0.6339680583
        0.8957915832        0.6340954252
        0.8977955912        0.6342060089
        0.8997995992        0.6343016093
        0.9018036072        0.6343846473
        0.9038076152        0.6344581007
        0.9058116232        0.6345254187
        0.9078156313        0.6345904153
        0.9098196393        0.6346571475
        0.9118236473        0.6347297818
        0.9138276553        0.6348124538
        0.9158316633        0.6349091268
        0.9178356713        0.6350234544
        0.9198396794        0.6351586521
        0.9218436874        0.6353173827
        0.9238476954        0.6355016604
        0.9258517034        0.6357127765
        0.9278557114        0.6359512498
        0.9298597194        0.6362168031
        0.9318637275        0.6365083680
        0.9338677355        0.6368241156
        0.9358717435        0.6371615137
        0.9378757515        0.6375174078
        0.9398797595        0.6378881218
        0.9418837675        0.6382695764
        0.9438877756        0.6386574188
        0.9458917836        0.6390471602
        0.9478957916        0.6394343153
        0.9498997996        0.6398145385
        0.9519038076        0.6401837527
        0.9539078156        0.6405382652
        0.9559118236        0.6408748663
        0.9579158317        0.6411909095
        0.9599198397        0.6414843669
        0.9619238477        0.6417538625
        0.9639278557        0.6419986796
        0.9659318637        0.6422187437
        0.9679358717        0.6424145831
        0.9699398798        0.6425872678
        0.9719438878        0.6427383315
        0.9739478958        0.6428696783
        0.9759519038        0.6429834814
        0.9779559118        0.6430820743
        0.9799599198        0.6431678436
        0.9819639279        0.6432431240
        0.9839679359        0.6433101030
        0.9859719439        0.6433707377
        0.9879759519        0.6434266863
        0.9899799599        0.6434792596
        0.9919839679        0.6435293911
        0.9939879760        0.6435776289
        0.9959919840        0.6436241480
        0.9979959920        0.6436687825
        1.0000000000        0.6437110755
