        0.0000000000      -14.0495533781
        0.0020040080      -14.2260573543
        0.0040080160      -14.3996940740
        0.0060120240      -14.5703671570
        0.0080160321      -14.7379826986
        0.0100200401      -14.9024491127
        0.0120240481      -15.0636769499
        0.0140280561      -15.2215786858
        0.0160320641      -15.3760684798
        0.0180360721      -15.5270619037
        0.0200400802      -15.6744756437
        0.0220440882      -15.8182271806
        0.0240480962      -15.9582344548
        0.0260521042      -16.0944155268
        0.0280561122      -16.2266882425
        0.0300601202      -16.3549699154
        0.0320641283      -16.4791770410
        0.0340681363      -16.5992250534
        0.0360721443      -16.7150281407
        0.0380761523      -16.8264991290
        0.0400801603      -16.9335494479
        0.0420841683      -17.0360891858
        0.0440881764      -17.1340272429
        0.0460921844      -17.2272715846
        0.0480961924      -17.3157295985
        0.0501002004      -17.3993085514
        0.0521042084      -17.4779161416
        0.0541082164      -17.5514611375
        0.0561122244      -17.6198540911
        0.0581162325      -17.6830081119
        0.0601202405      -17.7408396834
        0.0621242485      -17.7932695037
        0.0641282565      -17.8402233306
        0.0661322645      -17.8816328086
        0.0681362725      -17.9174362586
        0.0701402806      -17.9475794080
        0.0721442886      -17.9720160438
        0.0741482966      -17.9907085709
        0.0761523046      -18.0036284609
        0.0781563126      -18.0107565800
        0.0801603206      -18.0120833883
        0.0821643287      -18.0076090057
        0.0841683367      -17.9973431436
        0.0861723447      -17.9813049061
        0.0881763527      -17.9595224670
        0.0901803607      -17.9320326336
        0.0921843687      -17.8988803094
        0.0941883768      -17.8601178729
        0.0961923848      -17.8158044894
        0.0981963928      -17.7660053760
        0.1002004008      -17.7107910380
        0.1022044088      -17.6502364984
        0.1042084168      -17.5844205395
        0.1062124248      -17.5134249730
        0.1082164329      -17.4373339574
        0.1102204409      -17.3562333744
        0.1122244489      -17.2702102760
        0.1142284569      -17.1793524122
        0.1162324649      -17.0837478409
        0.1182364729      -16.9834846264
        0.1202404810      -16.8786506209
        0.1222444890      -16.7693333289
        0.1242484970      -16.6556198459
        0.1262525050      -16.5375968630
        0.1282565130      -16.4153507292
        0.1302605210      -16.2889675572
        0.1322645291      -16.1585333645
        0.1342685371      -16.0241342347
        0.1362725451      -15.8858564915
        0.1382765531      -15.7437868720
        0.1402805611      -15.5980126941
        0.1422845691      -15.4486220087
        0.1442885772      -15.2957037347
        0.1462925852      -15.1393477715
        0.1482965932      -14.9796450928
        0.1503006012      -14.8166878202
        0.1523046092      -14.6505692832
        0.1543086172      -14.4813840696
        0.1563126253      -14.3092280751
        0.1583166333      -14.1341985574
        0.1603206413      -13.9563942058
        0.1623246493      -13.7759152310
        0.1643286573      -13.5928634853
        0.1663326653      -13.4073426162
        0.1683366733      -13.2194582596
        0.1703406814      -13.0293182728
        0.1723446894      -12.8370330090
        0.1743486974      -12.6427156278
        0.1763527054      -12.4464824381
        0.1783567134      -12.2484532643
        0.1803607214      -12.0487518245
        0.1823647295      -11.8475061087
        0.1843687375      -11.6448487417
        0.1863727455      -11.4409173148
        0.1883767535      -11.2358546698
        0.1903807615      -11.0298091178
        0.1923847695      -10.8229345772
        0.1943887776      -10.6153906157
        0.1963927856      -10.4073423829
        0.1983967936      -10.1989604221
        0.2004008016       -9.9904203553
        0.2024048096       -9.7819024357
        0.2044088176       -9.5735909665
        0.2064128257       -9.3656735918
        0.2084168337       -9.1583404640
        0.2104208417       -8.9517833014
        0.2124248497       -8.7461943491
        0.2144288577       -8.5417652630
        0.2164328657       -8.3386859363
        0.2184368737       -8.1371432939
        0.2204408818       -7.9373200776
        0.2224448898       -7.7393936483
        0.2244488978       -7.5435348326
        0.2264529058       -7.3499068353
        0.2284569138       -7.1586642442
        0.2304609218       -6.9699521468
        0.2324649299       -6.7839053766
        0.2344689379       -6.6006479040
        0.2364729459       -6.4202923825
        0.2384769539       -6.2429398559
        0.2404809619       -6.0686796282
        0.2424849699       -5.8975892935
        0.2444889780       -5.7297349200
        0.2464929860       -5.5651713742
        0.2484969940       -5.4039427742
        0.2505010020       -5.2460830508
        0.2525050100       -5.0916165986
        0.2545090180       -4.9405589938
        0.2565130261       -4.7929177558
        0.2585170341       -4.6486931300
        0.2605210421       -4.5078788686
        0.2625250501       -4.3704629883
        0.2645290581       -4.2364284858
        0.2665330661       -4.1057539940
        0.2685370741       -3.9784143663
        0.2705410822       -3.8543811777
        0.2725450902       -3.7336231376
        0.2745490982       -3.6161064103
        0.2765531062       -3.5017948465
        0.2785571142       -3.3906501279
        0.2805611222       -3.2826318352
        0.2825651303       -3.1776974497
        0.2845691383       -3.0758023002
        0.2865731463       -2.9768994726
        0.2885771543       -2.8809396961
        0.2905811623       -2.7878712224
        0.2925851703       -2.6976397153
        0.2945891784       -2.6101881638
        0.2965931864       -2.5254568334
        0.2985971944       -2.4433832668
        0.3006012024       -2.3639023424
        0.3026052104       -2.2869463966
        0.3046092184       -2.2124454145
        0.3066132265       -2.1403272864
        0.3086172345       -2.0705181294
        0.3106212425       -2.0029426665
        0.3126252505       -1.9375246556
        0.3146292585       -1.8741873573
        0.3166332665       -1.8128540282
        0.3186372745       -1.7534484274
        0.3206412826       -1.6958953206
        0.3226452906       -1.6401209672
        0.3246492986       -1.5860535769
        0.3266533066       -1.5336237226
        0.3286573146       -1.4827646980
        0.3306613226       -1.4334128095
        0.3326653307       -1.3855075975
        0.3346693387       -1.3389919797
        0.3366733467       -1.2938123165
        0.3386773547       -1.2499183988
        0.3406813627       -1.2072633608
        0.3426853707       -1.1658035257
        0.3446893788       -1.1254981911
        0.3466933868       -1.0863093649
        0.3486973948       -1.0482014635
        0.3507014028       -1.0111409848
        0.3527054108       -0.9750961689
        0.3547094188       -0.9400366606
        0.3567134269       -0.9059331850
        0.3587174349       -0.8727572491
        0.3607214429       -0.8404808788
        0.3627254509       -0.8090763995
        0.3647294589       -0.7785162681
        0.3667334669       -0.7487729588
        0.3687374749       -0.7198189047
        0.3707414830       -0.6916264960
        0.3727454910       -0.6641681296
        0.3747494990       -0.6374163071
        0.3767535070       -0.6113437725
        0.3787575150       -0.5859236828
        0.3807615230       -0.5611298003
        0.3827655311       -0.5369366977
        0.3847695391       -0.5133199645
        0.3867735471       -0.4902564044
        0.3887775551       -0.4677242145
        0.3907815631       -0.4457031360
        0.3927855711       -0.4241745708
        0.3947895792       -0.4031216562
        0.3967935872       -0.3825292950
        0.3987975952       -0.3623841380
        0.4008016032       -0.3426745196
        0.4028056112       -0.3233903470
        0.4048096192       -0.3045229492
        0.4068136273       -0.2860648886
        0.4088176353       -0.2680097437
        0.4108216433       -0.2503518714
        0.4128256513       -0.2330861559
        0.4148296593       -0.2162077557
        0.4168336673       -0.1997118568
        0.4188376754       -0.1835934407
        0.4208416834       -0.1678470775
        0.4228456914       -0.1524667489
        0.4248496994       -0.1374457090
        0.4268537074       -0.1227763866
        0.4288577154       -0.1084503317
        0.4308617234       -0.0944582074
        0.4328657315       -0.0807898271
        0.4348697395       -0.0674342330
        0.4368737475       -0.0543798134
        0.4388777555       -0.0416144527
        0.4408817635       -0.0291257070
        0.4428857715       -0.0169009989
        0.4448897796       -0.0049278224
        0.4468937876        0.0068060504
        0.4488977956        0.0183123675
        0.4509018036        0.0296022106
        0.4529058116        0.0406858288
        0.4549098196        0.0515724993
        0.4569138277        0.0622704210
        0.4589178357        0.0727866430
        0.4609218437        0.0831270312
        0.4629258517        0.0932962731
        0.4649298597        0.1032979200
        0.4669338677        0.1131344642
        0.4689378758        0.1228074477
        0.4709418838        0.1323175967
        0.4729458918        0.1416649780
        0.4749498998        0.1508491686
        0.4769539078        0.1598694341
        0.4789579158        0.1687249065
        0.4809619238        0.1774147574
        0.4829659319        0.1859383581
        0.4849699399        0.1942954218
        0.4869739479        0.2024861236
        0.4889779559        0.2105111941
        0.4909819639        0.2183719835
        0.4929859719        0.2260704966
        0.4949899800        0.2336093962
        0.4969939880        0.2409919784
        0.4989979960        0.2482221206
        0.5010020040        0.2553042052
        0.5030060120        0.2622430248
        0.5050100200        0.2690436717
        0.5070140281        0.2757114180
        0.5090180361        0.2822515912
        0.5110220441        0.2886694510
        0.5130260521        0.2949700722
        0.5150300601        0.3011582384
        0.5170340681        0.3072383506
        0.5190380762        0.3132143545
        0.5210420842        0.3190896873
        0.5230460922        0.3248672485
        0.5250501002        0.3305493919
        0.5270541082        0.3361379405
        0.5290581162        0.3416342224
        0.5310621242        0.3470391256
        0.5330661323        0.3523531682
        0.5350701403        0.3575765812
        0.5370741483        0.3627094002
        0.5390781563        0.3677515608
        0.5410821643        0.3727029951
        0.5430861723        0.3775637235
        0.5450901804        0.3823339396
        0.5470941884        0.3870140840
        0.5490981964        0.3916049040
        0.5511022044        0.3961074980
        0.5531062124        0.4005233421
        0.5551102204        0.4048542992
        0.5571142285        0.4091026095
        0.5591182365        0.4132708646
        0.5611222445        0.4173619654
        0.5631262525        0.4213790664
        0.5651302605        0.4253255090
        0.5671342685        0.4292047465
        0.5691382766        0.4330202640
        0.5711422846        0.4367754962
        0.5731462926        0.4404737466
        0.5751503006        0.4441181110
        0.5771543086        0.4477114077
        0.5791583166        0.4512561180
        0.5811623246        0.4547543368
        0.5831663327        0.4582077371
        0.5851703407        0.4616175481
        0.5871743487        0.4649845463
        0.5891783567        0.4683090624
        0.5911823647        0.4715910001
        0.5931863727        0.4748298678
        0.5951903808        0.4780248207
        0.5971943888        0.4811747125
        0.5991983968        0.4842781537
        0.6012024048        0.4873335751
        0.6032064128        0.4903392939
        0.6052104208        0.4932935815
        0.6072144289        0.4961947286
        0.6092184369        0.4990411091
        0.6112224449        0.5018312379
        0.6132264529        0.5045638245
        0.6152304609        0.5072378181
        0.6172344689        0.5098524472
        0.6192384770        0.5124072491
        0.6212424850        0.5149020933
        0.6232464930        0.5173371955
        0.6252505010        0.5197131240
        0.6272545090        0.5220307996
        0.6292585170        0.5242914873
        0.6312625251        0.5264967822
        0.6332665331        0.5286485900
        0.6352705411        0.5307491021
        0.6372745491        0.5328007654
        0.6392785571        0.5348062495
        0.6412825651        0.5367684091
        0.6432865731        0.5386902436
        0.6452905812        0.5405748548
        0.6472945892        0.5424254009
        0.6492985972        0.5442450500
        0.6513026052        0.5460369311
        0.6533066132        0.5478040847
        0.6553106212        0.5495494134
        0.6573146293        0.5512756315
        0.6593186373        0.5529852174
        0.6613226453        0.5546803668
        0.6633266533        0.5563629494
        0.6653306613        0.5580344697
        0.6673346693        0.5596960334
        0.6693386774        0.5613483198
        0.6713426854        0.5629915625
        0.6733466934        0.5646255386
        0.6753507014        0.5662495678
        0.6773547094        0.5678625224
        0.6793587174        0.5694628482
        0.6813627255        0.5710485971
        0.6833667335        0.5726174710
        0.6853707415        0.5741668765
        0.6873747495        0.5756939902
        0.6893787575        0.5771958320
        0.6913827655        0.5786693467
        0.6933867735        0.5801114897
        0.6953907816        0.5815193161
        0.6973947896        0.5828900702
        0.6993987976        0.5842212723
        0.7014028056        0.5855108004
        0.7034068136        0.5867569640
        0.7054108216        0.5879585668
        0.7074148297        0.5891149569
        0.7094188377        0.5902260613
        0.7114228457        0.5912924044
        0.7134268537        0.5923151075
        0.7154308617        0.5932958709
        0.7174348697        0.5942369374
        0.7194388778        0.5951410382
        0.7214428858        0.5960113224
        0.7234468938        0.5968512731
        0.7254509018        0.5976646114
        0.7274549098        0.5984551926
        0.7294589178        0.5992268967
        0.7314629259        0.5999835180
        0.7334669339        0.6007286581
        0.7354709419        0.6014656239
        0.7374749499        0.6021973368
        0.7394789579        0.6029262553
        0.7414829659        0.6036543139
        0.7434869739        0.6043828803
        0.7454909820        0.6051127340
        0.7474949900        0.6058440658
        0.7494989980        0.6065764988
        0.7515030060        0.6073091303
        0.7535070140        0.6080405935
        0.7555110220        0.6087691357
        0.7575150301        0.6094927112
        0.7595190381        0.6102090847
        0.7615230461        0.6109159417
        0.7635270541        0.6116110008
        0.7655310621        0.6122921245
        0.7675350701        0.6129574236
        0.7695390782        0.6136053514
        0.7715430862        0.6142347828
        0.7735470942        0.6148450768
        0.7755511022        0.6154361186
        0.7775551102        0.6160083394
        0.7795591182        0.6165627140
        0.7815631263        0.6171007350
        0.7835671343        0.6176243651
        0.7855711423        0.6181359693
        0.7875751503        0.6186382292
        0.7895791583        0.6191340430
        0.7915831663        0.6196264153
        0.7935871743        0.6201183406
        0.7955911824        0.6206126854
        0.7975951904        0.6211120741
        0.7995991984        0.6216187823
        0.8016032064        0.6221346427
        0.8036072144        0.6226609679
        0.8056112224        0.6231984918
        0.8076152305        0.6237473334
        0.8096192385        0.6243069846
        0.8116232465        0.6248763220
        0.8136272545        0.6254536427
        0.8156312625        0.6260367228
        0.8176352705        0.6266228968
        0.8196392786        0.6272091542
        0.8216432866        0.6277922498
        0.8236472946        0.6283688228
        0.8256513026        0.6289355219
        0.8276553106        0.6294891282
        0.8296593186        0.6300266737
        0.8316633267        0.6305455497
        0.8336673347        0.6310435997
        0.8356713427        0.6315191952
        0.8376753507        0.6319712888
        0.8396793587        0.6323994441
        0.8416833667        0.6328038413
        0.8436873747        0.6331852566
        0.8456913828        0.6335450178
        0.8476953908        0.6338849379
        0.8496993988        0.6342072281
        0.8517034068        0.6345143954
        0.8537074148        0.6348091281
        0.8557114228        0.6350941744
        0.8577154309        0.6353722191
        0.8597194389        0.6356457636
        0.8617234469        0.6359170142
        0.8637274549        0.6361877842
        0.8657314629        0.6364594129
        0.8677354709        0.6367327060
        0.8697394790        0.6370078998
        0.8717434870        0.6372846506
        0.8737474950        0.6375620509
        0.8757515030        0.6378386707
        0.8777555110        0.6381126236
        0.8797595190        0.6383816546
        0.8817635271        0.6386432457
        0.8837675351        0.6388947363
        0.8857715431        0.6391334522
        0.8877755511        0.6393568387
        0.8897795591        0.6395625919
        0.8917835671        0.6397487829
        0.8937875752        0.6399139696
        0.8957915832        0.6400572907
        0.8977955912        0.6401785387
        0.8997995992        0.6402782077
        0.9018036072        0.6403575146
        0.9038076152        0.6404183906
        0.9058116232        0.6404634455
        0.9078156313        0.6404959028
        0.9098196393        0.6405195108
        0.9118236473        0.6405384300
        0.9138276553        0.6405571030
        0.9158316633        0.6405801109
        0.9178356713        0.6406120212
        0.9198396794        0.6406572343
        0.9218436874        0.6407198327
        0.9238476954        0.6408034408
        0.9258517034        0.6409110987
        0.9278557114        0.6410451565
        0.9298597194        0.6412071921
        0.9318637275        0.6413979567
        0.9338677355        0.6416173494
        0.9358717435        0.6418644217
        0.9378757515        0.6421374132
        0.9398797595        0.6424338150
        0.9418837675        0.6427504598
        0.9438877756        0.6430836351
        0.9458917836        0.6434292139
        0.9478957916        0.6437827993
        0.9498997996        0.6441398762
        0.9519038076        0.6444959650
        0.9539078156        0.6448467706
        0.9559118236        0.6451883216
        0.9579158317        0.6455170941
        0.9599198397        0.6458301154
        0.9619238477        0.6461250443
        0.9639278557        0.6464002239
        0.9659318637        0.6466547071
        0.9679358717        0.6468882523
        0.9699398798        0.6471012915
        0.9719438878        0.6472948713
        0.9739478958        0.6474705711
        0.9759519038        0.6476304005
        0.9779559118        0.6477766828
        0.9799599198        0.6479119279
        0.9819639279        0.6480387006
        0.9839679359        0.6481594917
        0.9859719439        0.6482765948
        0.9879759519        0.6483919970
        0.9899799599        0.6485072857
        0.9919839679        0.6486235776
        0.9939879760        0.6487414719
        0.9959919840        0.6488610297
        0.9979959920        0.6489817809
        1.0000000000        0.6491027582
