 &plot nbnd=  26, nks=    91 /
            0.000000  0.000000  0.000000
  -49.263  -27.501  -27.100  -27.100  -17.129  -16.577   -6.490   -4.450   -4.151   -4.151
   -2.985   -2.985   -0.115    1.592    1.592    2.294    2.294    2.555    3.656    3.824
    4.571    5.077    5.891    6.659    8.299    9.257
            0.016667  0.009623  0.000000
  -49.263  -27.501  -27.101  -27.100  -17.128  -16.576   -6.487   -4.454   -4.156   -4.152
   -2.997   -2.987   -0.114    1.587    1.594    2.290    2.298    2.569    3.663    3.830
    4.577    5.088    5.902    6.665    8.303    9.192
            0.033333  0.019245  0.000000
  -49.263  -27.500  -27.104  -27.100  -17.122  -16.574   -6.477   -4.465   -4.171   -4.155
   -3.033   -2.995   -0.114    1.574    1.602    2.279    2.311    2.612    3.683    3.848
    4.596    5.121    5.934    6.682    8.313    9.066
            0.050000  0.028868  0.000000
  -49.262  -27.499  -27.110  -27.102  -17.112  -16.570   -6.461   -4.486   -4.194   -4.159
   -3.090   -3.008   -0.113    1.553    1.614    2.263    2.332    2.681    3.716    3.877
    4.627    5.172    5.988    6.709    8.330    8.922
            0.066667  0.038490  0.000000
  -49.262  -27.497  -27.117  -27.103  -17.099  -16.564   -6.439   -4.516   -4.224   -4.166
   -3.168   -3.025   -0.113    1.527    1.632    2.246    2.361    2.773    3.760    3.917
    4.670    5.238    6.066    6.748    8.352    8.772
            0.083333  0.048113  0.000000
  -49.261  -27.494  -27.127  -27.105  -17.083  -16.557   -6.411   -4.558   -4.258   -4.174
   -3.262   -3.047   -0.114    1.498    1.655    2.229    2.397    2.884    3.815    3.966
    4.725    5.315    6.169    6.797    8.375    8.625
            0.100000  0.057735  0.000000
  -49.260  -27.491  -27.139  -27.108  -17.063  -16.548   -6.378   -4.612   -4.295   -4.185
   -3.369   -3.071   -0.119    1.470    1.684    2.215    2.439    3.010    3.881    4.025
    4.792    5.399    6.295    6.855    8.375    8.508
            0.116667  0.067358  0.000000
  -49.259  -27.488  -27.152  -27.111  -17.041  -16.538   -6.339   -4.679   -4.335   -4.198
   -3.485   -3.099   -0.127    1.445    1.719    2.206    2.486    3.147    3.956    4.092
    4.869    5.487    6.442    6.922    8.285    8.491
            0.133333  0.076980  0.000000
  -49.257  -27.484  -27.167  -27.114  -17.015  -16.526   -6.296   -4.758   -4.377   -4.213
   -3.606   -3.129   -0.139    1.427    1.761    2.203    2.537    3.290    4.041    4.169
    4.957    5.578    6.606    6.996    8.161    8.517
            0.150000  0.086603  0.000000
  -49.256  -27.480  -27.184  -27.117  -16.988  -16.513   -6.250   -4.846   -4.424   -4.230
   -3.728   -3.160   -0.158    1.418    1.809    2.207    2.592    3.435    4.135    4.254
    5.054    5.672    6.779    7.076    8.045    8.541
            0.166667  0.096225  0.000000
  -49.255  -27.475  -27.201  -27.121  -16.958  -16.497   -6.200   -4.942   -4.480   -4.250
   -3.844   -3.193   -0.183    1.421    1.865    2.217    2.648    3.579    4.236    4.349
    5.160    5.769    6.951    7.158    7.950    8.549
            0.183333  0.105848  0.000000
  -49.253  -27.470  -27.220  -27.125  -16.927  -16.481   -6.148   -5.045   -4.547   -4.272
   -3.949   -3.225   -0.214    1.438    1.927    2.234    2.706    3.720    4.343    4.453
    5.272    5.869    7.106    7.236    7.888    8.533
            0.200000  0.115470  0.000000
  -49.251  -27.465  -27.240  -27.129  -16.894  -16.463   -6.096   -5.151   -4.630   -4.296
   -4.039   -3.258   -0.249    1.468    1.997    2.257    2.764    3.857    4.454    4.566
    5.387    5.974    7.215    7.312    7.870    8.505
            0.216667  0.125093  0.000000
  -49.249  -27.459  -27.260  -27.134  -16.861  -16.443   -6.044   -5.258   -4.727   -4.322
   -4.111   -3.290   -0.289    1.512    2.074    2.285    2.820    3.989    4.569    4.686
    5.501    6.082    7.255    7.388    7.897    8.496
            0.233333  0.134715  0.000000
  -49.248  -27.454  -27.280  -27.138  -16.828  -16.422   -5.994   -5.365   -4.836   -4.349
   -4.167   -3.320   -0.331    1.569    2.158    2.318    2.876    4.118    4.687    4.811
    5.611    6.195    7.252    7.436    7.955    8.531
            0.250000  0.144338  0.000000
  -49.246  -27.448  -27.301  -27.143  -16.795  -16.400   -5.950   -5.467   -4.953   -4.377
   -4.211   -3.350   -0.373    1.638    2.248    2.354    2.929    4.242    4.809    4.940
    5.712    6.311    7.237    7.436    8.038    8.608
            0.266667  0.153960  0.000000
  -49.244  -27.443  -27.322  -27.147  -16.763  -16.376   -5.919   -5.557   -5.073   -4.406
   -4.244   -3.379   -0.414    1.717    2.345    2.392    2.979    4.361    4.934    5.070
    5.801    6.431    7.220    7.400    8.143    8.705
            0.283333  0.163583  0.000000
  -49.242  -27.437  -27.342  -27.152  -16.732  -16.351   -5.914   -5.622   -5.191   -4.436
   -4.270   -3.406   -0.453    1.806    2.432    2.446    3.027    4.475    5.062    5.202
    5.878    6.553    7.203    7.354    8.263    8.800
            0.300000  0.173205  0.000000
  -49.240  -27.432  -27.361  -27.156  -16.703  -16.325   -5.950   -5.647   -5.305   -4.465
   -4.291   -3.431   -0.488    1.902    2.474    2.552    3.071    4.581    5.190    5.334
    5.945    6.672    7.177    7.327    8.386    8.882
            0.316667  0.182828  0.000000
  -49.239  -27.427  -27.380  -27.160  -16.676  -16.299   -6.018   -5.642   -5.410   -4.494
   -4.307   -3.454   -0.519    2.003    2.516    2.662    3.111    4.678    5.315    5.467
    6.007    6.779    7.149    7.329    8.503    8.942
            0.333333  0.192450  0.000000
  -49.237  -27.422  -27.398  -27.164  -16.651  -16.272   -6.100   -5.636   -5.494   -4.522
   -4.320   -3.476   -0.546    2.107    2.558    2.773    3.148    4.764    5.432    5.600
    6.074    6.849    7.154    7.357    8.603    8.974
            0.350000  0.202073  0.000000
  -49.236  -27.419  -27.413  -27.168  -16.628  -16.246   -6.184   -5.669   -5.528   -4.548
   -4.331   -3.496   -0.567    2.210    2.603    2.884    3.181    4.839    5.530    5.733
    6.157    6.861    7.218    7.407    8.673    8.972
            0.366667  0.211695  0.000000
  -49.234  -27.431  -27.412  -27.171  -16.608  -16.221   -6.265   -5.738   -5.518   -4.573
   -4.339   -3.514   -0.584    2.308    2.650    2.992    3.212    4.901    5.599    5.866
    6.266    6.839    7.317    7.480    8.694    8.943
            0.383333  0.221318  0.000000
  -49.233  -27.445  -27.408  -27.174  -16.589  -16.197   -6.340   -5.810   -5.497   -4.595
   -4.345   -3.530   -0.596    2.395    2.704    3.095    3.240    4.953    5.636    6.001
    6.403    6.813    7.421    7.577    8.656    8.897
            0.400000  0.230940  0.000000
  -49.232  -27.458  -27.405  -27.177  -16.574  -16.175   -6.408   -5.876   -5.476   -4.615
   -4.350   -3.544   -0.605    2.466    2.766    3.184    3.272    4.997    5.644    6.134
    6.562    6.798    7.520    7.690    8.579    8.837
            0.416667  0.240563  0.000000
  -49.231  -27.469  -27.402  -27.180  -16.561  -16.155   -6.467   -5.933   -5.458   -4.633
   -4.354   -3.556   -0.611    2.519    2.834    3.242    3.323    5.033    5.632    6.254
    6.720    6.822    7.612    7.798    8.503    8.759
            0.433333  0.250185  0.000000
  -49.230  -27.478  -27.399  -27.182  -16.550  -16.138   -6.517   -5.981   -5.442   -4.647
   -4.356   -3.566   -0.614    2.557    2.903    3.269    3.390    5.065    5.608    6.350
    6.804    6.963    7.686    7.883    8.459    8.675
            0.450000  0.259808  0.000000
  -49.229  -27.485  -27.397  -27.183  -16.542  -16.125   -6.556   -6.018   -5.430   -4.659
   -4.358   -3.574   -0.616    2.582    2.966    3.284    3.452    5.094    5.577    6.412
    6.877    7.157    7.727    7.930    8.440    8.620
            0.466667  0.269430  0.000000
  -49.229  -27.490  -27.396  -27.184  -16.536  -16.115   -6.585   -6.045   -5.422   -4.667
   -4.359   -3.579   -0.617    2.599    3.016    3.294    3.499    5.118    5.546    6.446
    6.962    7.356    7.729    7.944    8.369    8.645
            0.483333  0.279053  0.000000
  -49.228  -27.493  -27.395  -27.185  -16.532  -16.109   -6.602   -6.061   -5.417   -4.672
   -4.360   -3.583   -0.617    2.608    3.048    3.299    3.528    5.135    5.523    6.461
    7.033    7.534    7.713    7.932    8.248    8.700
            0.500000  0.288675  0.000000
  -49.228  -27.494  -27.394  -27.185  -16.531  -16.107   -6.608   -6.066   -5.415   -4.674
   -4.360   -3.584   -0.617    2.611    3.059    3.301    3.538    5.141    5.514    6.466
    7.062    7.621    7.704    7.918    8.180    8.721
            0.494444  0.298298  0.000000
  -49.228  -27.494  -27.394  -27.186  -16.531  -16.107   -6.607   -6.066   -5.415   -4.676
   -4.360   -3.588   -0.614    2.613    3.058    3.299    3.536    5.144    5.520    6.470
    7.063    7.622    7.705    7.920    8.181    8.720
            0.488889  0.307920  0.000000
  -49.228  -27.493  -27.394  -27.186  -16.530  -16.106   -6.603   -6.065   -5.414   -4.681
   -4.360   -3.601   -0.606    2.620    3.055    3.293    3.530    5.151    5.535    6.483
    7.067    7.626    7.709    7.923    8.185    8.717
            0.483333  0.317543  0.000000
  -49.228  -27.493  -27.394  -27.188  -16.530  -16.105   -6.597   -6.064   -5.413   -4.690
   -4.359   -3.622   -0.593    2.631    3.050    3.284    3.521    5.163    5.561    6.505
    7.074    7.634    7.715    7.930    8.191    8.709
            0.477778  0.327165  0.000000
  -49.228  -27.492  -27.394  -27.190  -16.529  -16.104   -6.588   -6.063   -5.411   -4.701
   -4.359   -3.650   -0.575    2.646    3.044    3.272    3.509    5.177    5.598    6.534
    7.083    7.644    7.724    7.938    8.200    8.692
            0.472222  0.336788  0.000000
  -49.228  -27.490  -27.394  -27.193  -16.527  -16.102   -6.578   -6.061   -5.410   -4.715
   -4.359   -3.687   -0.553    2.663    3.036    3.256    3.496    5.194    5.645    6.572
    7.095    7.657    7.735    7.948    8.210    8.665
            0.466667  0.346410  0.000000
  -49.228  -27.489  -27.393  -27.196  -16.526  -16.099   -6.564   -6.059   -5.407   -4.732
   -4.359   -3.730   -0.526    2.682    3.027    3.238    3.482    5.212    5.703    6.617
    7.109    7.672    7.748    7.960    8.221    8.629
            0.461111  0.356033  0.000000
  -49.228  -27.487  -27.393  -27.200  -16.524  -16.097   -6.549   -6.057   -5.405   -4.751
   -4.360   -3.779   -0.495    2.701    3.017    3.218    3.469    5.231    5.771    6.668
    7.126    7.690    7.763    7.973    8.232    8.589
            0.455556  0.365655  0.000000
  -49.228  -27.485  -27.392  -27.204  -16.522  -16.094   -6.531   -6.054   -5.402   -4.772
   -4.361   -3.834   -0.460    2.717    3.007    3.200    3.456    5.252    5.847    6.726
    7.146    7.710    7.779    7.985    8.242    8.550
            0.450000  0.375278  0.000000
  -49.228  -27.482  -27.392  -27.209  -16.520  -16.090   -6.511   -6.052   -5.399   -4.794
   -4.364   -3.893   -0.422    2.727    2.996    3.186    3.444    5.273    5.931    6.789
    7.168    7.730    7.796    7.997    8.249    8.519
            0.444444  0.384900  0.000000
  -49.227  -27.479  -27.391  -27.214  -16.518  -16.087   -6.489   -6.049   -5.395   -4.817
   -4.367   -3.956   -0.381    2.730    2.984    3.180    3.432    5.296    6.021    6.856
    7.192    7.745    7.815    8.007    8.254    8.503
            0.438889  0.394523  0.000000
  -49.227  -27.477  -27.391  -27.220  -16.515  -16.083   -6.465   -6.046   -5.392   -4.840
   -4.372   -4.021   -0.337    2.724    2.968    3.187    3.420    5.320    6.116    6.927
    7.220    7.749    7.839    8.017    8.261    8.504
            0.433333  0.404145  0.000000
  -49.227  -27.473  -27.390  -27.226  -16.513  -16.079   -6.439   -6.044   -5.388   -4.865
   -4.379   -4.089   -0.291    2.710    2.946    3.207    3.408    5.346    6.214    6.998
    7.252    7.733    7.870    8.031    8.274    8.520
            0.427778  0.413768  0.000000
  -49.227  -27.470  -27.390  -27.233  -16.510  -16.074   -6.411   -6.041   -5.384   -4.889
   -4.389   -4.156   -0.243    2.690    2.919    3.237    3.395    5.373    6.314    7.069
    7.288    7.699    7.908    8.052    8.296    8.546
            0.422222  0.423390  0.000000
  -49.227  -27.466  -27.389  -27.240  -16.508  -16.070   -6.381   -6.039   -5.381   -4.913
   -4.404   -4.220   -0.193    2.665    2.890    3.274    3.384    5.402    6.413    7.134
    7.333    7.652    7.952    8.081    8.327    8.579
            0.416667  0.433013  0.000000
  -49.226  -27.462  -27.388  -27.247  -16.505  -16.065   -6.350   -6.037   -5.377   -4.937
   -4.428   -4.275   -0.142    2.638    2.860    3.309    3.377    5.433    6.509    7.192
    7.387    7.602    8.000    8.118    8.364    8.618
            0.411111  0.442635  0.000000
  -49.226  -27.458  -27.388  -27.254  -16.502  -16.060   -6.317   -6.035   -5.373   -4.961
   -4.468   -4.317   -0.090    2.608    2.830    3.323    3.395    5.466    6.597    7.242
    7.448    7.556    8.053    8.162    8.408    8.662
            0.405556  0.452258  0.000000
  -49.226  -27.454  -27.387  -27.262  -16.499  -16.055   -6.284   -6.033   -5.370   -4.985
   -4.521   -4.343   -0.037    2.577    2.800    3.312    3.436    5.500    6.671    7.286
    7.495    7.543    8.109    8.212    8.458    8.709
            0.400000  0.461880  0.000000
  -49.226  -27.450  -27.386  -27.269  -16.496  -16.051   -6.249   -6.032   -5.366   -5.009
   -4.582   -4.360    0.016    2.547    2.772    3.295    3.484    5.535    6.724    7.328
    7.486    7.605    8.168    8.269    8.512    8.758
            0.394444  0.471503  0.000000
  -49.225  -27.445  -27.386  -27.277  -16.494  -16.046   -6.214   -6.030   -5.363   -5.032
   -4.646   -4.373    0.068    2.516    2.746    3.274    3.532    5.571    6.749    7.374
    7.489    7.680    8.227    8.332    8.570    8.810
            0.388889  0.481125  0.000000
  -49.225  -27.440  -27.385  -27.285  -16.491  -16.041   -6.180   -6.027   -5.360   -5.057
   -4.707   -4.383    0.119    2.488    2.721    3.252    3.580    5.608    6.746    7.419
    7.517    7.754    8.287    8.401    8.633    8.863
            0.383333  0.490748  0.000000
  -49.225  -27.436  -27.384  -27.292  -16.488  -16.037   -6.148   -6.021   -5.357   -5.084
   -4.764   -4.392    0.169    2.461    2.698    3.229    3.625    5.646    6.720    7.456
    7.578    7.827    8.345    8.475    8.700    8.918
            0.377778  0.500370  0.000000
  -49.225  -27.431  -27.384  -27.300  -16.486  -16.033   -6.122   -6.011   -5.354   -5.113
   -4.815   -4.400    0.216    2.436    2.678    3.206    3.668    5.684    6.680    7.485
    7.661    7.898    8.403    8.553    8.770    8.972
            0.372222  0.509993  0.000000
  -49.225  -27.426  -27.383  -27.307  -16.484  -16.029   -6.102   -5.994   -5.352   -5.146
   -4.859   -4.407    0.260    2.415    2.660    3.182    3.706    5.721    6.632    7.511
    7.756    7.964    8.459    8.633    8.844    9.025
            0.366667  0.519615  0.000000
  -49.224  -27.422  -27.383  -27.314  -16.482  -16.025   -6.091   -5.970   -5.350   -5.181
   -4.893   -4.414    0.300    2.398    2.644    3.159    3.741    5.757    6.582    7.536
    7.857    8.027    8.513    8.712    8.921    9.076
            0.361111  0.529238  0.000000
  -49.224  -27.417  -27.382  -27.320  -16.480  -16.022   -6.086   -5.942   -5.348   -5.217
   -4.920   -4.420    0.336    2.384    2.631    3.138    3.770    5.791    6.533    7.560
    7.960    8.084    8.564    8.788    9.001    9.121
            0.355556  0.538860  0.000000
  -49.224  -27.413  -27.382  -27.326  -16.479  -16.019   -6.084   -5.914   -5.348   -5.252
   -4.939   -4.425    0.366    2.374    2.620    3.118    3.795    5.822    6.488    7.581
    8.062    8.135    8.611    8.860    9.081    9.135
            0.350000  0.548483  0.000000
  -49.224  -27.410  -27.382  -27.331  -16.477  -16.017   -6.084   -5.888   -5.349   -5.282
   -4.952   -4.429    0.390    2.368    2.611    3.101    3.814    5.848    6.449    7.600
    8.161    8.179    8.653    8.923    9.073    9.168
            0.344444  0.558105  0.000000
  -49.224  -27.407  -27.381  -27.335  -16.477  -16.016   -6.084   -5.867   -5.354   -5.303
   -4.961   -4.432    0.407    2.365    2.605    3.087    3.828    5.868    6.420    7.615
    8.211    8.252    8.688    8.965    8.993    9.252
            0.338889  0.567728  0.000000
  -49.224  -27.405  -27.381  -27.337  -16.476  -16.015   -6.085   -5.853   -5.359   -5.313
   -4.966   -4.434    0.417    2.364    2.602    3.078    3.836    5.881    6.402    7.624
    8.233    8.324    8.710    8.903    9.011    9.337
            0.333333  0.577350  0.000000
  -49.224  -27.405  -27.381  -27.338  -16.476  -16.014   -6.085   -5.849   -5.362   -5.316
   -4.967   -4.434    0.421    2.364    2.600    3.075    3.839    5.885    6.396    7.628
    8.240    8.355    8.712    8.874    9.022    9.412
            0.322222  0.558105  0.000000
  -49.224  -27.407  -27.381  -27.335  -16.477  -16.016   -6.084   -5.865   -5.354   -5.304
   -4.961   -4.431    0.408    2.360    2.605    3.090    3.828    5.871    6.417    7.611
    8.192    8.248    8.753    8.933    8.990    9.141
            0.311111  0.538860  0.000000
  -49.224  -27.412  -27.382  -27.327  -16.479  -16.020   -6.079   -5.901   -5.350   -5.261
   -4.944   -4.423    0.371    2.342    2.619    3.138    3.798    5.842    6.467    7.552
    7.960    8.159    8.738    8.846    8.939    9.137
            0.300000  0.519615  0.000000
  -49.225  -27.417  -27.383  -27.317  -16.483  -16.028   -6.074   -5.938   -5.355   -5.202
   -4.911   -4.408    0.316    2.305    2.638    3.215    3.750    5.811    6.525    7.444
    7.693    8.068    8.458    8.794    8.938    9.319
            0.288889  0.500370  0.000000
  -49.225  -27.422  -27.385  -27.305  -16.490  -16.040   -6.073   -5.958   -5.365   -5.147
   -4.859   -4.386    0.249    2.251    2.661    3.309    3.688    5.786    6.567    7.291
    7.451    7.974    8.165    8.705    8.951    9.480
            0.277778  0.481125  0.000000
  -49.226  -27.425  -27.387  -27.292  -16.498  -16.055   -6.082   -5.948   -5.380   -5.105
   -4.788   -4.357    0.174    2.184    2.685    3.406    3.615    5.769    6.555    7.112
    7.266    7.863    7.913    8.575    8.950    9.321
            0.266667  0.461880  0.000000
  -49.227  -27.426  -27.389  -27.279  -16.509  -16.074   -6.092   -5.915   -5.399   -5.073
   -4.703   -4.321    0.097    2.110    2.710    3.487    3.535    5.760    6.444    6.924
    7.164    7.644    7.819    8.412    8.932    9.115
            0.255556  0.442635  0.000000
  -49.228  -27.424  -27.393  -27.266  -16.522  -16.096   -6.093   -5.866   -5.423   -5.047
   -4.613   -4.276    0.021    2.030    2.733    3.445    3.547    5.754    6.256    6.723
    7.081    7.510    7.753    8.237    8.845    8.989
            0.244444  0.423390  0.000000
  -49.229  -27.421  -27.396  -27.253  -16.538  -16.122   -6.083   -5.803   -5.451   -5.023
   -4.527   -4.221   -0.051    1.948    2.750    3.357    3.567    5.747    6.044    6.517
    6.916    7.511    7.703    8.073    8.684    8.961
            0.233333  0.404145  0.000000
  -49.230  -27.415  -27.400  -27.241  -16.556  -16.150   -6.059   -5.729   -5.483   -4.998
   -4.450   -4.154   -0.116    1.867    2.760    3.270    3.546    5.713    5.856    6.312
    6.712    7.510    7.702    7.944    8.555    8.949
            0.222222  0.384900  0.000000
  -49.232  -27.408  -27.403  -27.228  -16.576  -16.180   -6.022   -5.644   -5.520   -4.971
   -4.384   -4.075   -0.172    1.787    2.758    3.188    3.484    5.571    5.773    6.113
    6.511    7.412    7.733    7.868    8.512    8.944
            0.211111  0.365655  0.000000
  -49.234  -27.411  -27.395  -27.216  -16.600  -16.211   -5.971   -5.567   -5.544   -4.940
   -4.331   -3.988   -0.218    1.712    2.740    3.115    3.388    5.381    5.721    5.928
    6.332    7.266    7.723    7.820    8.564    8.966
            0.200000  0.346410  0.000000
  -49.235  -27.417  -27.382  -27.204  -16.626  -16.244   -5.908   -5.609   -5.442   -4.904
   -4.286   -3.897   -0.254    1.641    2.703    3.049    3.269    5.192    5.623    5.767
    6.191    7.103    7.649    7.813    8.601    9.059
            0.188889  0.327165  0.000000
  -49.237  -27.422  -27.367  -27.193  -16.655  -16.277   -5.837   -5.656   -5.329   -4.863
   -4.247   -3.806   -0.278    1.577    2.651    2.979    3.146    5.009    5.474    5.622
    6.093    6.938    7.550    7.838    8.545    8.937
            0.177778  0.307920  0.000000
  -49.239  -27.429  -27.350  -27.183  -16.686  -16.309   -5.780   -5.682   -5.209   -4.816
   -4.213   -3.717   -0.291    1.519    2.588    2.875    3.051    4.831    5.308    5.467
    6.017    6.775    7.463    7.876    8.430    8.803
            0.166667  0.288675  0.000000
  -49.241  -27.435  -27.332  -27.172  -16.720  -16.340   -5.801   -5.623   -5.084   -4.762
   -4.182   -3.631   -0.293    1.469    2.520    2.736    2.990    4.658    5.142    5.303
    5.941    6.618    7.400    7.909    8.290    8.668
            0.155556  0.269430  0.000000
  -49.244  -27.441  -27.312  -27.163  -16.756  -16.370   -5.857   -5.525   -4.959   -4.699
   -4.153   -3.551   -0.286    1.428    2.451    2.589    2.940    4.488    4.982    5.137
    5.848    6.466    7.366    7.909    8.147    8.557
            0.144444  0.250185  0.000000
  -49.246  -27.448  -27.291  -27.154  -16.794  -16.398   -5.920   -5.416   -4.841   -4.623
   -4.122   -3.477   -0.270    1.395    2.373    2.455    2.890    4.321    4.829    4.972
    5.737    6.322    7.357    7.842    8.010    8.509
            0.133333  0.230940  0.000000
  -49.248  -27.455  -27.270  -27.146  -16.832  -16.425   -5.985   -5.302   -4.738   -4.533
   -4.087   -3.408   -0.249    1.372    2.267    2.365    2.838    4.154    4.683    4.812
    5.611    6.184    7.356    7.708    7.887    8.531
            0.122222  0.211695  0.000000
  -49.250  -27.461  -27.248  -27.139  -16.871  -16.449   -6.051   -5.186   -4.651   -4.436
   -4.040   -3.345   -0.224    1.358    2.147    2.308    2.781    3.988    4.543    4.660
    5.475    6.053    7.335    7.523    7.819    8.582
            0.111111  0.192450  0.000000
  -49.252  -27.467  -27.227  -27.132  -16.909  -16.471   -6.115   -5.071   -4.578   -4.347
   -3.970   -3.287   -0.198    1.355    2.036    2.267    2.721    3.820    4.409    4.519
    5.338    5.928    7.261    7.320    7.832    8.614
            0.100000  0.173205  0.000000
  -49.254  -27.473  -27.206  -27.126  -16.946  -16.491   -6.178   -4.958   -4.512   -4.281
   -3.870   -3.234   -0.173    1.361    1.937    2.236    2.660    3.650    4.280    4.391
    5.204    5.809    7.067    7.198    7.907    8.607
            0.088889  0.153960  0.000000
  -49.256  -27.479  -27.186  -27.120  -16.981  -16.509   -6.237   -4.852   -4.451   -4.238
   -3.746   -3.186   -0.152    1.378    1.853    2.217    2.598    3.478    4.160    4.277
    5.079    5.696    6.843    7.099    8.020    8.573
            0.077778  0.134715  0.000000
  -49.257  -27.484  -27.168  -27.115  -17.013  -16.525   -6.292   -4.754   -4.395   -4.211
   -3.610   -3.142   -0.135    1.403    1.783    2.208    2.537    3.307    4.049    4.176
    4.965    5.587    6.629    7.004    8.156    8.530
            0.066667  0.115470  0.000000
  -49.259  -27.488  -27.151  -27.111  -17.042  -16.539   -6.342   -4.668   -4.342   -4.193
   -3.473   -3.103   -0.123    1.435    1.726    2.209    2.480    3.139    3.951    4.087
    4.863    5.481    6.434    6.917    8.299    8.494
            0.055556  0.096225  0.000000
  -49.260  -27.492  -27.136  -27.107  -17.068  -16.550   -6.386   -4.596   -4.292   -4.180
   -3.342   -3.068   -0.116    1.471    1.682    2.219    2.427    2.981    3.865    4.011
    4.776    5.380    6.265    6.841    8.383    8.531
            0.044444  0.076980  0.000000
  -49.261  -27.495  -27.123  -27.105  -17.090  -16.560   -6.422   -4.540   -4.247   -4.169
   -3.223   -3.039   -0.113    1.507    1.647    2.236    2.382    2.840    3.793    3.946
    4.703    5.285    6.127    6.777    8.367    8.682
            0.033333  0.057735  0.000000
  -49.262  -27.498  -27.113  -27.102  -17.107  -16.568   -6.452   -4.499   -4.208   -4.162
   -3.124   -3.016   -0.113    1.541    1.622    2.256    2.344    2.721    3.735    3.894
    4.646    5.201    6.022    6.726    8.340    8.853
            0.022222  0.038490  0.000000
  -49.263  -27.500  -27.106  -27.101  -17.119  -16.573   -6.473   -4.471   -4.177   -4.156
   -3.048   -2.999   -0.113    1.568    1.605    2.275    2.317    2.631    3.692    3.856
    4.604    5.135    5.948    6.689    8.318    9.023
            0.011111  0.019245  0.000000
  -49.263  -27.501  -27.101  -27.100  -17.127  -16.576   -6.486   -4.455   -4.158   -4.152
   -3.001   -2.988   -0.114    1.586    1.595    2.289    2.300    2.574    3.665    3.832
    4.579    5.092    5.905    6.667    8.304    9.174
            0.000000  0.000000  0.000000
  -49.263  -27.501  -27.100  -27.100  -17.129  -16.577   -6.490   -4.450   -4.151   -4.151
   -2.985   -2.985   -0.115    1.592    1.592    2.294    2.294    2.555    3.656    3.824
    4.571    5.077    5.891    6.659    8.299    9.257
