        0.0000000000      -17.4496879995
        0.0020040080      -17.5258039794
        0.0040080160      -17.5971771354
        0.0060120240      -17.6637305730
        0.0080160321      -17.7253896085
        0.0100200401      -17.7820822985
        0.0120240481      -17.8337399939
        0.0140280561      -17.8802979093
        0.0160320641      -17.9216956959
        0.0180360721      -17.9578780071
        0.0200400802      -17.9887950448
        0.0220440882      -18.0144030729
        0.0240480962      -18.0346648897
        0.0260521042      -18.0495502441
        0.0280561122      -18.0590361897
        0.0300601202      -18.0631073659
        0.0320641283      -18.0617561992
        0.0340681363      -18.0549830209
        0.0360721443      -18.0427960965
        0.0380761523      -18.0252115663
        0.0400801603      -18.0022532982
        0.0420841683      -17.9739526558
        0.0440881764      -17.9403481857
        0.0460921844      -17.9014852326
        0.0480961924      -17.8574154897
        0.0501002004      -17.8081964936
        0.0521042084      -17.7538910764
        0.0541082164      -17.6945667852
        0.0561122244      -17.6302952822
        0.0581162325      -17.5611517374
        0.0601202405      -17.4872142258
        0.0621242485      -17.4085631416
        0.0641282565      -17.3252806389
        0.0661322645      -17.2374501096
        0.0681362725      -17.1451557068
        0.0701402806      -17.0484819192
        0.0721442886      -16.9475132040
        0.0741482966      -16.8423336801
        0.0761523046      -16.7330268840
        0.0781563126      -16.6196755895
        0.0801603206      -16.5023616885
        0.0821643287      -16.3811661318
        0.0841683367      -16.2561689255
        0.0861723447      -16.1274491776
        0.0881763527      -15.9950851912
        0.0901803607      -15.8591545957
        0.0921843687      -15.7197345126
        0.0941883768      -15.5769017475
        0.0961923848      -15.4307330029
        0.0981963928      -15.2813051073
        0.1002004008      -15.1286952538
        0.1022044088      -14.9729812444
        0.1042084168      -14.8142417374
        0.1062124248      -14.6525564931
        0.1082164329      -14.4880066174
        0.1102204409      -14.3206748008
        0.1122244489      -14.1506455526
        0.1142284569      -13.9780054298
        0.1162324649      -13.8028432602
        0.1182364729      -13.6252503615
        0.1202404810      -13.4453207542
        0.1222444890      -13.2631513711
        0.1242484970      -13.0788422605
        0.1262525050      -12.8924967843
        0.1282565130      -12.7042218084
        0.1302605210      -12.5141278831
        0.1322645291      -12.3223294122
        0.1342685371      -12.1289448053
        0.1362725451      -11.9340966093
        0.1382765531      -11.7379116148
        0.1402805611      -11.5405209316
        0.1422845691      -11.3420600261
        0.1442885772      -11.1426687161
        0.1462925852      -10.9424911163
        0.1482965932      -10.7416755275
        0.1503006012      -10.5403742672
        0.1523046092      -10.3387434332
        0.1543086172      -10.1369426010
        0.1563126253       -9.9351344491
        0.1583166333       -9.7334843147
        0.1603206413       -9.5321596783
        0.1623246493       -9.3313295816
        0.1643286573       -9.1311639826
        0.1663326653       -8.9318330535
        0.1683366733       -8.7335064309
        0.1703406814       -8.5363524260
        0.1723446894       -8.3405372076
        0.1743486974       -8.1462239681
        0.1763527054       -7.9535720877
        0.1783567134       -7.7627363082
        0.1803607214       -7.5738659325
        0.1823647295       -7.3871040610
        0.1843687375       -7.2025868809
        0.1863727455       -7.0204430182
        0.1883767535       -6.8407929657
        0.1903807615       -6.6637485949
        0.1923847695       -6.4894127605
        0.1943887776       -6.3178790042
        0.1963927856       -6.1492313589
        0.1983967936       -5.9835442572
        0.2004008016       -5.8208825420
        0.2024048096       -5.6613015757
        0.2044088176       -5.5048474428
        0.2064128257       -5.3515572388
        0.2084168337       -5.2014594353
        0.2104208417       -5.0545743102
        0.2124248497       -4.9109144323
        0.2144288577       -4.7704851863
        0.2164328657       -4.6332853244
        0.2184368737       -4.4993075329
        0.2204408818       -4.3685389988
        0.2224448898       -4.2409619651
        0.2244488978       -4.1165542635
        0.2264529058       -3.9952898140
        0.2284569138       -3.8771390837
        0.2304609218       -3.7620694976
        0.2324649299       -3.6500457979
        0.2344689379       -3.5410303479
        0.2364729459       -3.4349833814
        0.2384769539       -3.3318631984
        0.2404809619       -3.2316263097
        0.2424849699       -3.1342275377
        0.2444889780       -3.0396200767
        0.2464929860       -2.9477555227
        0.2484969940       -2.8585838805
        0.2505010020       -2.7720535553
        0.2525050100       -2.6881113404
        0.2545090180       -2.6067024075
        0.2565130261       -2.5277703096
        0.2585170341       -2.4512570017
        0.2605210421       -2.3771028886
        0.2625250501       -2.3052469016
        0.2645290581       -2.2356266098
        0.2665330661       -2.1681783671
        0.2685370741       -2.1028374955
        0.2705410822       -2.0395385018
        0.2725450902       -1.9782153281
        0.2745490982       -1.9188016274
        0.2765531062       -1.8612310624
        0.2785571142       -1.8054376192
        0.2805611222       -1.7513559278
        0.2825651303       -1.6989215830
        0.2845691383       -1.6480714571
        0.2865731463       -1.5987439957
        0.2885771543       -1.5508794895
        0.2905811623       -1.5044203161
        0.2925851703       -1.4593111436
        0.2945891784       -1.4154990937
        0.2965931864       -1.3729338589
        0.2985971944       -1.3315677723
        0.3006012024       -1.2913558300
        0.3026052104       -1.2522556652
        0.3046092184       -1.2142274789
        0.3066132265       -1.1772339286
        0.3086172345       -1.1412399807
        0.3106212425       -1.1062127332
        0.3126252505       -1.0721212145
        0.3146292585       -1.0389361658
        0.3166332665       -1.0066298158
        0.3186372745       -0.9751756528
        0.3206412826       -0.9445482053
        0.3226452906       -0.9147228343
        0.3246492986       -0.8856755462
        0.3266533066       -0.8573828301
        0.3286573146       -0.8298215242
        0.3306613226       -0.8029687146
        0.3326653307       -0.7768016668
        0.3346693387       -0.7512977923
        0.3366733467       -0.7264346477
        0.3386773547       -0.7021899644
        0.3406813627       -0.6785417060
        0.3426853707       -0.6554681492
        0.3446893788       -0.6329479821
        0.3466933868       -0.6109604153
        0.3486973948       -0.5894852998
        0.3507014028       -0.5685032443
        0.3527054108       -0.5479957272
        0.3547094188       -0.5279451979
        0.3567134269       -0.5083351606
        0.3587174349       -0.4891502379
        0.3607214429       -0.4703762109
        0.3627254509       -0.4520000320
        0.3647294589       -0.4340098107
        0.3667334669       -0.4163947713
        0.3687374749       -0.3991451847
        0.3707414830       -0.3822522745
        0.3727454910       -0.3657081032
        0.3747494990       -0.3495054400
        0.3767535070       -0.3336376162
        0.3787575150       -0.3180983735
        0.3807615230       -0.3028817102
        0.3827655311       -0.2879817302
        0.3847695391       -0.2733925027
        0.3867735471       -0.2591079344
        0.3887775551       -0.2451216613
        0.3907815631       -0.2314269629
        0.3927855711       -0.2180167022
        0.3947895792       -0.2048832924
        0.3967935872       -0.1920186932
        0.3987975952       -0.1794144350
        0.4008016032       -0.1670616698
        0.4028056112       -0.1549512481
        0.4048096192       -0.1430738169
        0.4068136273       -0.1314199357
        0.4088176353       -0.1199802057
        0.4108216433       -0.1087454067
        0.4128256513       -0.0977066371
        0.4148296593       -0.0868554503
        0.4168336673       -0.0761839828
        0.4188376754       -0.0656850688
        0.4208416834       -0.0553523364
        0.4228456914       -0.0451802818
        0.4248496994       -0.0351643177
        0.4268537074       -0.0253007946
        0.4288577154       -0.0155869932
        0.4308617234       -0.0060210882
        0.4328657315        0.0033979163
        0.4348697395        0.0126702767
        0.4368737475        0.0217956234
        0.4388777555        0.0307730926
        0.4408817635        0.0396014743
        0.4428857715        0.0482793680
        0.4448897796        0.0568053445
        0.4468937876        0.0651781055
        0.4488977956        0.0733966360
        0.4509018036        0.0814603459
        0.4529058116        0.0893691932
        0.4549098196        0.0971237867
        0.4569138277        0.1047254638
        0.4589178357        0.1121763409
        0.4609218437        0.1194793345
        0.4629258517        0.1266381523
        0.4649298597        0.1336572561
        0.4669338677        0.1405417949
        0.4689378758        0.1472975144
        0.4709418838        0.1539306425
        0.4729458918        0.1604477578
        0.4749498998        0.1668556443
        0.4769539078        0.1731611371
        0.4789579158        0.1793709659
        0.4809619238        0.1854916005
        0.4829659319        0.1915291044
        0.4849699399        0.1974890010
        0.4869739479        0.2033761577
        0.4889779559        0.2091946910
        0.4909819639        0.2149478966
        0.4929859719        0.2206382063
        0.4949899800        0.2262671727
        0.4969939880        0.2318354831
        0.4989979960        0.2373430012
        0.5010020040        0.2427888343
        0.5030060120        0.2481714256
        0.5050100200        0.2534886655
        0.5070140281        0.2587380205
        0.5090180361        0.2639166728
        0.5110220441        0.2690216673
        0.5130260521        0.2740500603
        0.5150300601        0.2789990647
        0.5170340681        0.2838661866
        0.5190380762        0.2886493486
        0.5210420842        0.2933469964
        0.5230460922        0.2979581841
        0.5250501002        0.3024826364
        0.5270541082        0.3069207849
        0.5290581162        0.3112737788
        0.5310621242        0.3155434685
        0.5330661323        0.3197323640
        0.5350701403        0.3238435695
        0.5370741483        0.3278806975
        0.5390781563        0.3318477641
        0.5410821643        0.3357490714
        0.5430861723        0.3395890801
        0.5450901804        0.3433722776
        0.5470941884        0.3471030456
        0.5490981964        0.3507855336
        0.5511022044        0.3544235405
        0.5531062124        0.3580204108
        0.5551102204        0.3615789476
        0.5571142285        0.3651013456
        0.5591182365        0.3685891469
        0.5611222445        0.3720432207
        0.5631262525        0.3754637668
        0.5651302605        0.3788503445
        0.5671342685        0.3822019227
        0.5691382766        0.3855169529
        0.5711422846        0.3887934586
        0.5731462926        0.3920291406
        0.5751503006        0.3952214927
        0.5771543086        0.3983679244
        0.5791583166        0.4014658857
        0.5811623246        0.4045129887
        0.5831663327        0.4075071240
        0.5851703407        0.4104465644
        0.5871743487        0.4133300549
        0.5891783567        0.4161568847
        0.5911823647        0.4189269378
        0.5931863727        0.4216407227
        0.5951903808        0.4242993773
        0.5971943888        0.4269046513
        0.5991983968        0.4294588654
        0.6012024048        0.4319648490
        0.6032064128        0.4344258590
        0.6052104208        0.4368454829
        0.6072144289        0.4392275281
        0.6092184369        0.4415759035
        0.6112224449        0.4438944965
        0.6132264529        0.4461870493
        0.6152304609        0.4484570405
        0.6172344689        0.4507075749
        0.6192384770        0.4529412856
        0.6212424850        0.4551602525
        0.6232464930        0.4573659402
        0.6252505010        0.4595591565
        0.6272545090        0.4617400338
        0.6292585170        0.4639080347
        0.6312625251        0.4660619801
        0.6332665331        0.4682001004
        0.6352705411        0.4703201072
        0.6372745491        0.4724192833
        0.6392785571        0.4744945877
        0.6412825651        0.4765427728
        0.6432865731        0.4785605082
        0.6452905812        0.4805445083
        0.6472945892        0.4824916590
        0.6492985972        0.4843991378
        0.6513026052        0.4862645252
        0.6533066132        0.4880859018
        0.6553106212        0.4898619286
        0.6573146293        0.4915919077
        0.6593186373        0.4932758204
        0.6613226453        0.4949143432
        0.6633266533        0.4965088386
        0.6653306613        0.4980613232
        0.6673346693        0.4995744131
        0.6693386774        0.5010512489
        0.6713426854        0.5024954019
        0.6733466934        0.5039107661
        0.6753507014        0.5053014393
        0.6773547094        0.5066715956
        0.6793587174        0.5080253575
        0.6813627255        0.5093666670
        0.6833667335        0.5106991650
        0.6853707415        0.5120260794
        0.6873747495        0.5133501280
        0.6893787575        0.5146734377
        0.6913827655        0.5159974849
        0.6933867735        0.5173230572
        0.6953907816        0.5186502380
        0.6973947896        0.5199784162
        0.6993987976        0.5213063175
        0.7014028056        0.5226320597
        0.7034068136        0.5239532268
        0.7054108216        0.5252669622
        0.7074148297        0.5265700753
        0.7094188377        0.5278591594
        0.7114228457        0.5291307165
        0.7134268537        0.5303812839
        0.7154308617        0.5316075599
        0.7174348697        0.5328065219
        0.7194388778        0.5339755358
        0.7214428858        0.5351124500
        0.7234468938        0.5362156730
        0.7254509018        0.5372842315
        0.7274549098        0.5383178058
        0.7294589178        0.5393167433
        0.7314629259        0.5402820489
        0.7334669339        0.5412153514
        0.7354709419        0.5421188504
        0.7374749499        0.5429952419
        0.7394789579        0.5438476279
        0.7414829659        0.5446794130
        0.7434869739        0.5454941895
        0.7454909820        0.5462956184
        0.7474949900        0.5470873075
        0.7494989980        0.5478726931
        0.7515030060        0.5486549273
        0.7535070140        0.5494367778
        0.7555110220        0.5502205401
        0.7575150301        0.5510079683
        0.7595190381        0.5518002249
        0.7615230461        0.5525978522
        0.7635270541        0.5534007659
        0.7655310621        0.5542082715
        0.7675350701        0.5550191016
        0.7695390782        0.5558314746
        0.7715430862        0.5566431711
        0.7735470942        0.5574516257
        0.7755511022        0.5582540310
        0.7775551102        0.5590474500
        0.7795591182        0.5598289328
        0.7815631263        0.5605956331
        0.7835671343        0.5613449212
        0.7855711423        0.5620744879
        0.7875751503        0.5627824376
        0.7895791583        0.5634673652
        0.7915831663        0.5641284151
        0.7935871743        0.5647653209
        0.7955911824        0.5653784219
        0.7975951904        0.5659686586
        0.7995991984        0.5665375456
        0.8016032064        0.5670871230
        0.8036072144        0.5676198885
        0.8056112224        0.5681387124
        0.8076152305        0.5686467381
        0.8096192385        0.5691472719
        0.8116232465        0.5696436668
        0.8136272545        0.5701392020
        0.8156312625        0.5706369658
        0.8176352705        0.5711397428
        0.8196392786        0.5716499114
        0.8216432866        0.5721693551
        0.8236472946        0.5726993895
        0.8256513026        0.5732407093
        0.8276553106        0.5737933558
        0.8296593186        0.5743567072
        0.8316633267        0.5749294916
        0.8336673347        0.5755098220
        0.8356713427        0.5760952536
        0.8376753507        0.5766828586
        0.8396793587        0.5772693202
        0.8416833667        0.5778510383
        0.8436873747        0.5784242459
        0.8456913828        0.5789851322
        0.8476953908        0.5795299669
        0.8496993988        0.5800552223
        0.8517034068        0.5805576893
        0.8537074148        0.5810345830
        0.8557114228        0.5814836344
        0.8577154309        0.5819031652
        0.8597194389        0.5822921438
        0.8617234469        0.5826502193
        0.8637274549        0.5829777345
        0.8657314629        0.5832757159
        0.8677354709        0.5835458421
        0.8697394790        0.5837903914
        0.8717434870        0.5840121712
        0.8737474950        0.5842144312
        0.8757515030        0.5844007630
        0.8777555110        0.5845749916
        0.8797595190        0.5847410598
        0.8817635271        0.5849029114
        0.8837675351        0.5850643773
        0.8857715431        0.5852290665
        0.8877755511        0.5854002671
        0.8897795591        0.5855808603
        0.8917835671        0.5857732489
        0.8937875752        0.5859793040
        0.8957915832        0.5862003301
        0.8977955912        0.5864370496
        0.8997995992        0.5866896066
        0.9018036072        0.5869575901
        0.9038076152        0.5872400743
        0.9058116232        0.5875356740
        0.9078156313        0.5878426133
        0.9098196393        0.5881588049
        0.9118236473        0.5884819353
        0.9138276553        0.5888095544
        0.9158316633        0.5891391648
        0.9178356713        0.5894683085
        0.9198396794        0.5897946462
        0.9218436874        0.5901160291
        0.9238476954        0.5904305580
        0.9258517034        0.5907366295
        0.9278557114        0.5910329683
        0.9298597194        0.5913186437
        0.9318637275        0.5915930706
        0.9338677355        0.5918559969
        0.9358717435        0.5921074771
        0.9378757515        0.5923478334
        0.9398797595        0.5925776085
        0.9418837675        0.5927975106
        0.9438877756        0.5930083545
        0.9458917836        0.5932110011
        0.9478957916        0.5934062984
        0.9498997996        0.5935950273
        0.9519038076        0.5937778537
        0.9539078156        0.5939552895
        0.9559118236        0.5941276654
        0.9579158317        0.5942951148
        0.9599198397        0.5944575710
        0.9619238477        0.5946147770
        0.9639278557        0.5947663085
        0.9659318637        0.5949116068
        0.9679358717        0.5950500234
        0.9699398798        0.5951808707
        0.9719438878        0.5953034787
        0.9739478958        0.5954172548
        0.9759519038        0.5955217417
        0.9779559118        0.5956166740
        0.9799599198        0.5957020270
        0.9819639279        0.5957780579
        0.9839679359        0.5958453353
        0.9859719439        0.5959047562
        0.9879759519        0.5959575477
        0.9899799599        0.5960052550
        0.9919839679        0.5960497126
        0.9939879760        0.5960930017
        0.9959919840        0.5961373933
        0.9979959920        0.5961852794
        1.0000000000        0.5962390949
